14 0 0.468125 0.0095 0.47225 0.0295 0.47775 0.0333333328125 0.482125 0.0443333328125 0.49037499999999995 0.047 0.49787499999999996 0.052500000000000005 0.5015 0.0581666671875 0.50225 0.0606666671875 0.503625 0.0646666671875 0.521625 0.0706666671875 0.532375 0.08283333281250001 0.54425 0.10800000000000001 0.557125 0.1116666671875 0.560875 0.10800000000000001 0.564875 0.11016666718749998 0.5665 0.1135 0.5667500000000001 0.11483333281250001 0.56875 0.12016666718749999 0.568 0.1261666671875 0.56875 0.1308333328125 0.56525 0.14150000000000001 0.56475 0.14550000000000002 0.5662499999999999 0.1625 0.56725 0.1755 0.56975 0.2013333328125 0.570875 0.2051666671875 0.5705 0.2145 0.56725 0.2405 0.5549999999999999 0.24500000000000002 0.5506249999999999 0.257 0.542375 0.2646666671875 0.534375 0.2796666671875 0.512875 0.28300000000000003 0.499625 0.28300000000000003 0.488875 0.2806666671875 0.47837500000000005 0.2703333328125 0.46237500000000004 0.2606666671875 0.45187499999999997 0.23983333281250002 0.437 0.2125 0.42474999999999996 0.202 0.41662499999999997 0.199 0.410625 0.19383333281249998 0.40750000000000003 0.1878333328125 0.40700000000000003 0.1825 0.40800000000000003 0.178 0.41137499999999994 0.173 0.417875 0.16683333281249998 0.42125 0.1451666671875 0.42525 0.1365 0.42824999999999996 0.1308333328125 0.42725 0.10616666718750001 0.41600000000000004 0.0865 0.409 0.0428333328125 0.40175 0.0315 0.40149999999999997 0.025166667187500002 0.40275 0.010499999999999999 0.40800000000000003 0.0035000000000000005 0.41174999999999995 0 0.414375 0.0001666671875 0.421 0.0078333328125 0.41900000000000004 0.0261666671875 0.41075 0.031166667187500004 0.40975 0.057833332812500006 0.41224999999999995 0.0675 0.41425 0.06999999999999999 0.41587500000000005 0.0656666671875 0.419625 0.067 0.42387499999999995 0.061833332812499996 0.42725 0.0335 0.43274999999999997 0.026500000000000003 0.43624999999999997 0.0211666671875 0.43624999999999997 0.0193333328125 0.43912500000000004 0.02 0.44312500000000005 0.0215 0.44425 0.030833332812499996 0.446 0.0368333328125 0.4455 0.05883333281250001 0.44725000000000004 0.061333332812499995 0.45137499999999997 0.056999999999999995 0.457125 0.0556666671875 0.461625 0.0531666671875 0.46375 0.0468333328125 0.4665 0.0195 0.4605 0.0038333328125000005 0.45575 0 0.456375 0 0.468125
1 0.6381666671875 0.9012499999999999 0.6641666671875 0.89625 0.6771666671875 0.89075 0.6961666671875 0.8852499999999999 0.7078333328124999 0.8807499999999999 0.714 0.875125 0.7143333328125 0.8708750000000001 0.7096666671875 0.865875 0.6978333328125 0.8567500000000001 0.683 0.8476250000000001 0.667 0.8318749999999999 0.6528333328125 0.8220000000000001 0.6428333328125 0.818 0.6293333328124999 0.806125 0.6165 0.7969999999999999 0.6071666671875 0.7929999999999999 0.6014999999999999 0.78825 0.5911666671875 0.7849999999999999 0.5811666671875 0.778 0.5618333328125 0.7685 0.5441666671875 0.76325 0.5385 0.76325 0.5311666671874999 0.758 0.5251666671875 0.756 0.5015 0.75275 0.48616666718749996 0.75325 0.4698333328125 0.747 0.4601666671875 0.741 0.4325 0.73625 0.4285 0.7344999999999999 0.4238333328125 0.7304999999999999 0.4108333328125 0.7264999999999999 0.3865 0.7125 0.3621666671875 0.6965 0.3308333328125 0.6805 0.3195 0.6765 0.3035 0.6757500000000001 0.2905 0.66625 0.26116666718750003 0.6587500000000001 0.24016666718750002 0.6485000000000001 0.2268333328125 0.6475 0.2181666671875 0.6445000000000001 0.20833333281250002 0.638375 0.1983333328125 0.626625 0.1936666671875 0.619125 0.1866666671875 0.6128750000000001 0.17733333281250002 0.598375 0.173 0.588375 0.1706666671875 0.586375 0.1676666671875 0.580375 0.1651666671875 0.5805 0.1646666671875 0.584875 0.16999999999999998 0.600125 0.1796666671875 0.616125 0.1836666671875 0.620125 0.1906666671875 0.631625 0.2113333328125 0.658375 0.2186666671875 0.670625 0.2213333328125 0.678625 0.229 0.689125 0.23533333281250002 0.703875 0.2403333328125 0.712125 0.2536666671875 0.727125 0.2613333328125 0.733875 0.2743333328125 0.7538750000000001 0.2906666671875 0.772625 0.2971666671875 0.77625 0.309 0.780375 0.314 0.784875 0.3263333328125 0.8018750000000001 0.3451666671875 0.81175 0.3576666671875 0.825375 0.3641666671875 0.83025 0.3875 0.8402499999999999 0.39616666718750004 0.8477499999999999 0.4125 0.8550000000000001 0.43583333281250003 0.8724999999999999 0.4575 0.884 0.46950000000000003 0.8880000000000001 0.4808333328125 0.89 0.49749999999999994 0.8965 0.5178333328125 0.9015000000000001 0.5335 0.9025000000000001 0.5565 0.906 0.5663333328125 0.906125 0.5771666671875 0.9047499999999999 0.6001666671875 0.90525 0.6165 0.901 0.6381666671875 0.9012499999999999
13 0.8216666671875 0.783625 0.8363333328125 0.7681250000000001 0.8423333328125 0.755375 0.845 0.745625 0.8456666671875 0.737375 0.8423333328125 0.717375 0.837 0.705875 0.8240000000000001 0.688125 0.8163333328125001 0.681375 0.7971666671875 0.67 0.7931666671875 0.6665 0.7795 0.66025 0.7625 0.65625 0.7405 0.65475 0.7071666671875 0.65625 0.6905 0.6597500000000001 0.6775 0.66425 0.6618333328125 0.6719999999999999 0.654 0.678125 0.6463333328124999 0.686625 0.6393333328125 0.698125 0.635 0.7096250000000001 0.633 0.725625 0.6343333328125 0.737125 0.6396666671875 0.752875 0.6446666671875 0.761125 0.6588333328125 0.77575 0.6721666671875 0.78325 0.6948333328125 0.79375 0.7125 0.8002499999999999 0.7291666671875 0.80425 0.7518333328125 0.808 0.769 0.8081250000000001 0.7855000000000001 0.8039999999999999 0.8005000000000001 0.7969999999999999 0.8148333328125 0.7887500000000001 0.8216666671875 0.783625
7 0.9488333328125 0.643 0.9625 0.63825 0.9703333328125 0.632625 0.9746666671875 0.623875 0.9746666671875 0.616125 0.9710000000000001 0.600625 0.9626666671875 0.581375 0.943 0.5493750000000001 0.9336666671874999 0.5273749999999999 0.9263333328125001 0.502125 0.9193333328125 0.468375 0.9103333328125001 0.438375 0.8903333328124999 0.390375 0.8833333328125 0.369375 0.877 0.337125 0.8666666671875 0.31437499999999996 0.8550000000000001 0.297875 0.8460000000000001 0.288375 0.8355 0.28025 0.8261666671875 0.27599999999999997 0.8151666671875001 0.27275 0.7991666671875 0.26925 0.7915 0.26949999999999996 0.7718333328125 0.2745 0.7631666671875 0.27825 0.7483333328125 0.290375 0.737 0.306375 0.7326666671875001 0.318125 0.731 0.328875 0.7313333328125 0.347375 0.7333333328125 0.360875 0.7403333328125 0.389625 0.7526666671875 0.419625 0.7606666671875 0.442875 0.7696666671875 0.46262499999999995 0.7823333328125 0.484875 0.794 0.501625 0.8066666671875 0.515625 0.8173333328125001 0.529625 0.833 0.545375 0.8366666671875 0.561375 0.8470000000000001 0.579625 0.849 0.599875 0.852 0.6131249999999999 0.8586666671875 0.627375 0.8673333328125 0.637875 0.8828333328125 0.6497499999999999 0.8991666671875 0.65475 0.9116666671875 0.655125 0.9208333328125 0.6537499999999999 0.9308333328125 0.65 0.9445 0.64725 0.9488333328125 0.643
11 0.583 0.611625 0.5856666671874999 0.580375 0.584 0.556625 0.5773333328125 0.529625 0.5703333328125 0.510625 0.5466666671875 0.469125 0.5389999999999999 0.461625 0.5323333328125 0.45787500000000003 0.5296666671875 0.45162500000000005 0.5293333328125 0.446875 0.5253333328124999 0.43637499999999996 0.5263333328125 0.42437500000000006 0.5316666671875 0.40812499999999996 0.5281666671874999 0.40750000000000003 0.523 0.415625 0.5213333328124999 0.42362500000000003 0.522 0.449875 0.523 0.45437500000000003 0.5256666671875 0.45862499999999995 0.5226666671875 0.46262499999999995 0.5223333328125 0.472375 0.544 0.533625 0.5503333328125 0.569875 0.5546666671875 0.5846250000000001 0.5553333328125001 0.611375 0.5613333328125 0.6471250000000001 0.5656666671874999 0.663125 0.5683333328125 0.6676249999999999 0.5706666671875 0.6683749999999999 0.5753333328125 0.664625 0.5786666671875 0.658625 0.5846666671875 0.638625 0.583 0.611625
0 0.42833333281249997 0.627125 0.43200000000000005 0.618375 0.434 0.6091249999999999 0.4326666671875 0.592375 0.42400000000000004 0.561125 0.41733333281249996 0.545125 0.3916666671875 0.49762500000000004 0.374 0.47387499999999994 0.354 0.45287499999999997 0.3356666671875 0.43587499999999996 0.312 0.418375 0.2901666671875 0.39875 0.2878333328125 0.3975 0.28250000000000003 0.3975 0.2786666671875 0.40012499999999995 0.2783333328125 0.40412499999999996 0.2826666671875 0.41262499999999996 0.29933333281249996 0.43237500000000006 0.3086666671875 0.44662499999999994 0.32566666718750004 0.46362500000000006 0.3613333328125 0.508375 0.37933333281250003 0.539875 0.3953333328125 0.583875 0.399 0.610875 0.40533333281250006 0.631375 0.4106666671875 0.6431250000000001 0.413 0.656625 0.414 0.656875 0.4153333328125 0.655375 0.41566666718749995 0.646625 0.418 0.639875 0.42833333281249997 0.627125
10 0.45533333281250005 0.41312499999999996 0.4483333328125 0.40387500000000004 0.4476666671875 0.40012499999999995 0.44966666718750004 0.396125 0.4551666671875 0.39325 0.4566666671875 0.391375 0.458 0.388375 0.45766666718750004 0.384125 0.45466666718750004 0.375875 0.44000000000000006 0.364875 0.44116666718750003 0.3625 0.4498333328125 0.36124999999999996 0.45483333281249994 0.35950000000000004 0.4606666671875 0.34962499999999996 0.46166666718749994 0.34387500000000004 0.4566666671875 0.338125 0.45533333281250005 0.332125 0.4533333328125 0.329625 0.44566666718750003 0.32287499999999997 0.43949999999999995 0.31925 0.43383333281249997 0.31725 0.42483333281249996 0.317 0.4188333328125 0.31775000000000003 0.40816666718750005 0.32225000000000004 0.4035 0.32075 0.3971666671875 0.32175 0.3916666671875 0.325625 0.3903333328125 0.333625 0.3825 0.33725 0.3718333328125 0.33599999999999997 0.3661666671875 0.33275 0.35550000000000004 0.3335 0.3451666671875 0.33675 0.3433333328125 0.338625 0.3416666671875 0.344625 0.344 0.349125 0.35583333281249996 0.35675 0.3611666671875 0.3565 0.3623333328125 0.357375 0.363 0.36462500000000003 0.36866666718749996 0.371375 0.371 0.37687499999999996 0.377 0.380375 0.3776666671875 0.39237500000000003 0.3803333328125 0.39587500000000003 0.3845 0.39875 0.3963333328125 0.40012499999999995 0.3956666671875 0.40512499999999996 0.3996666671875 0.415625 0.4131666671875 0.42275 0.4285 0.42325 0.4325 0.4285 0.44333333281250004 0.429375 0.45016666718750004 0.42800000000000005 0.45533333281250005 0.42437500000000006 0.4563333328125 0.42062499999999997 0.45533333281250005 0.41312499999999996
2 0.7326666671875001 0.580125 0.7376666671875001 0.563625 0.741 0.5426249999999999 0.7403333328125 0.513375 0.7363333328125 0.498625 0.727 0.47887500000000005 0.7063333328125 0.452125 0.6906666671874999 0.43637499999999996 0.686 0.433125 0.6793333328125 0.42362500000000003 0.6768333328125 0.42175 0.6661666671875001 0.41525 0.6555 0.41174999999999995 0.6451666671875 0.41 0.6196666671875 0.38737499999999997 0.6088333328125 0.38 0.5808333328125 0.36675 0.5741666671875 0.36625 0.5723333328125 0.368625 0.5778333328125 0.37275 0.5881666671875 0.3775 0.603 0.387125 0.6193333328125 0.402625 0.6353333328125 0.420875 0.638 0.433625 0.6406666671875 0.43562500000000004 0.641 0.43937499999999996 0.6476666671875 0.450875 0.6559999999999999 0.470125 0.6623333328125 0.48862500000000003 0.6683333328125001 0.5131249999999999 0.673 0.544125 0.6723333328125001 0.598125 0.6743333328125 0.6018749999999999 0.6805 0.60825 0.6905 0.612 0.701 0.6131249999999999 0.7061666671875 0.61175 0.7123333328125 0.607875 0.7266666671875 0.592625 0.7326666671875001 0.580125
5 0.5559999999999999 0.336625 0.5746666671875 0.323125 0.5796666671875 0.315125 0.5940000000000001 0.304375 0.602 0.292875 0.617 0.263125 0.6221666671875 0.261 0.6276666671875 0.256125 0.633 0.24787499999999998 0.633 0.23537499999999997 0.6306666671875 0.230625 0.629 0.21937500000000001 0.6226666671875 0.195625 0.6186666671875 0.18812500000000001 0.612 0.176875 0.6083333328125 0.173125 0.5955 0.1645 0.5855 0.1615 0.5751666671875 0.161 0.5661666671875001 0.16275 0.5595 0.16525 0.5483333328125 0.172625 0.5433333328125001 0.179125 0.5413333328125 0.183875 0.5393333328125001 0.198625 0.5446666671875 0.223875 0.549 0.23737499999999997 0.558 0.24762499999999998 0.5596666671875 0.255375 0.5406666671875 0.293875 0.5396666671875 0.30012500000000003 0.5346666671875 0.305875 0.5326666671875 0.31437499999999996 0.528 0.321125 0.528 0.325625 0.5236666671875 0.337625 0.5226666671875 0.346375 0.525 0.353375 0.5281666671874999 0.35675 0.5306666671875 0.356625 0.5385 0.3545 0.5436666671875 0.350625 0.5483333328125 0.344125 0.5559999999999999 0.336625
4 0.4148333328125 0.24425 0.42750000000000005 0.24625 0.43383333281249997 0.24575 0.4445 0.24225 0.4486666671875 0.23937499999999998 0.4563333328125 0.23137500000000003 0.4603333328125 0.22362500000000002 0.46566666718749994 0.198125 0.46566666718749994 0.187625 0.472 0.176625 0.47400000000000003 0.168875 0.4716666671875 0.153125 0.4663333328125 0.141375 0.4606666671875 0.134875 0.4545 0.1295 0.4465 0.1255 0.4335 0.12250000000000001 0.429 0.117875 0.41 0.104375 0.40933333281250006 0.10162500000000001 0.41566666718749995 0.088625 0.422 0.079875 0.422 0.074625 0.42433333281249996 0.070875 0.4226666671875 0.06687499999999999 0.4171666671875 0.06275 0.41216666718750006 0.06275 0.40033333281249994 0.072625 0.38 0.105125 0.37683333281250003 0.10774999999999998 0.3736666671875 0.103375 0.3695 0.10024999999999999 0.36183333281249996 0.09625 0.35550000000000004 0.0945 0.3505 0.09425 0.3411666671875 0.09675 0.3241666671875 0.0975 0.3158333328125 0.10075 0.3085 0.10725 0.2931666671875 0.10925 0.2841666671875 0.1125 0.274 0.120125 0.269 0.129125 0.2686666671875 0.142375 0.2733333328125 0.167875 0.2766666671875 0.176125 0.2866666671875 0.18937500000000002 0.29 0.211625 0.296 0.224125 0.3023333328125 0.23137500000000003 0.3161666671875 0.24175 0.3238333328125 0.24575 0.3511666671875 0.2545 0.3605 0.2585 0.3705 0.26025 0.378 0.26037499999999997 0.3818333328125 0.25975000000000004 0.3951666671875 0.25375000000000003 0.40816666718750005 0.2445 0.4148333328125 0.24425
6 0.20616666718749999 0.365 0.22033333281249998 0.356625 0.23700000000000002 0.334375 0.23933333281250002 0.328875 0.24100000000000002 0.318875 0.24 0.309375 0.236 0.30212500000000003 0.23566666718749998 0.294125 0.23900000000000002 0.28712499999999996 0.23700000000000002 0.274375 0.23116666718749998 0.26725 0.22516666718749997 0.263 0.21833333281249998 0.260875 0.21400000000000002 0.251375 0.20633333281250002 0.24312499999999998 0.19883333281249999 0.23725000000000002 0.1945 0.23525000000000001 0.1605 0.22675 0.14250000000000002 0.2245 0.1308333328125 0.22425 0.10916666718750001 0.2285 0.0885 0.23575 0.0785 0.24100000000000002 0.0591666671875 0.25625 0.0503333328125 0.26187499999999997 0.0346666671875 0.278125 0.0156666671875 0.303875 0.0106666671875 0.317375 0.0096666671875 0.333625 0.012 0.341375 0.0176666671875 0.347375 0.0248333328125 0.35075 0.0321666671875 0.35075 0.034 0.352625 0.034 0.357375 0.0356666671875 0.359625 0.042499999999999996 0.36324999999999996 0.0505 0.37 0.058499999999999996 0.374 0.0788333328125 0.37925 0.10333333281249998 0.379625 0.1261666671875 0.37875000000000003 0.1631666671875 0.37475 0.1931666671875 0.36875 0.20616666718749999 0.365
6 0.8423333328125 0.23512499999999997 0.853 0.223875 0.858 0.216875 0.8630000000000001 0.206875 0.8643333328124999 0.201125 0.8633333328124999 0.182375 0.8576666671875 0.168875 0.849 0.15687500000000001 0.8371666671875 0.14725 0.8208333328125 0.13725 0.8105 0.13274999999999998 0.7951666671875001 0.1295 0.7835 0.128 0.7725 0.128 0.7485 0.132 0.7321666671875 0.13174999999999998 0.7218333328125001 0.134 0.7118333328124999 0.13174999999999998 0.6995 0.127 0.6896666671875 0.120125 0.686 0.115125 0.6849999999999999 0.106125 0.6798333328124999 0.10275000000000001 0.6748333328125 0.10375000000000001 0.6716666671875 0.111125 0.6693333328125 0.113625 0.6676666671875 0.119125 0.6639999999999999 0.120875 0.6616666671875 0.12662500000000002 0.6576666671875 0.129375 0.657 0.133125 0.6536666671875 0.134125 0.6513333328125 0.137375 0.6516666671875 0.139875 0.654 0.140375 0.657 0.137375 0.6573333328125 0.134625 0.6643333328125001 0.129625 0.667 0.124875 0.6701666671875001 0.12275 0.6745 0.12175 0.7030000000000001 0.152875 0.7053333328125 0.167625 0.7036666671875 0.185125 0.7056666671875 0.195875 0.7086666671875 0.200875 0.7103333328125 0.20837500000000003 0.7176666671875 0.21812499999999999 0.7213333328125 0.225875 0.7325 0.23575 0.7528333328125 0.24525000000000002 0.7635 0.248 0.7856666671875 0.250625 0.7948333328125 0.2505 0.8185 0.2475 0.8278333328124999 0.2445 0.8423333328125 0.23512499999999997