5 0.332375 0 0.33025000000000004 0.0025 0.32625000000000004 0.0115 0.304 0.10516666718750001 0.30225 0.12016666718749999 0.2965 0.1521666671875 0.28825 0.17616666718750001 0.28300000000000003 0.1995 0.2805 0.21516666718750002 0.2785 0.2201666671875 0.2765 0.2355 0.273 0.24216666718750002 0.26749999999999996 0.2595 0.25825 0.2831666671875 0.256 0.2935 0.25475 0.3098333328125 0.25225 0.31883333281250004 0.24100000000000002 0.3331666671875 0.233 0.3458333328125 0.22749999999999998 0.36150000000000004 0.22549999999999998 0.3711666671875 0.225 0.39249999999999996 0.227 0.4028333328125 0.23125 0.4125 0.236125 0.4193333328125 0.246875 0.4306666671875 0.257125 0.4376666671875 0.266625 0.44066666718749997 0.277625 0.4463333328125 0.282875 0.44800000000000006 0.28725 0.44783333281250004 0.29812500000000003 0.4436666671875 0.307625 0.4376666671875 0.31875 0.4228333328125 0.32925 0.3988333328125 0.33199999999999996 0.3868333328125 0.341 0.3675 0.35 0.3321666671875 0.353 0.2998333328125 0.35150000000000003 0.2701666671875 0.35175 0.2328333328125 0.35350000000000004 0.21916666718750002 0.35775 0.2038333328125 0.359 0.1955 0.36075 0.1628333328125 0.3605 0.1358333328125 0.3635 0.0891666671875 0.36324999999999996 0.0735 0.3665 0.05550000000000001 0.36825 0.0271666671875 0.36675 0.0111666671875 0.361375 0 0.332375 0
5 0.23325 0.7581666671875 0.23399999999999999 0.7478333328125 0.23149999999999998 0.7428333328125001 0.23537499999999997 0.737 0.23775 0.7448333328125 0.24137499999999998 0.75 0.246125 0.752 0.254125 0.7526666671875 0.262875 0.7513333328125 0.270625 0.7473333328125 0.280125 0.7383333328125 0.28875 0.7255 0.29975 0.7055 0.32125 0.6745 0.32575 0.6638333328125 0.32999999999999996 0.6478333328125 0.337 0.6328333328125 0.34625 0.6071666671875 0.3665 0.5695 0.37324999999999997 0.5491666671875 0.3785 0.5281666671874999 0.37975 0.5108333328125 0.37825000000000003 0.5008333328125001 0.37525 0.49349999999999994 0.360875 0.4773333328125 0.356875 0.47766666718749995 0.345375 0.47400000000000003 0.33987500000000004 0.46799999999999997 0.335125 0.46566666718749994 0.333125 0.46266666718750005 0.329625 0.4606666671875 0.32625000000000004 0.4551666671875 0.326625 0.44966666718750004 0.31037499999999996 0.44166666718750003 0.306125 0.442 0.290625 0.45133333281250004 0.285625 0.453 0.278625 0.4606666671875 0.265 0.48616666718749996 0.2485 0.5291666671875 0.24575 0.5388333328125 0.2265 0.5821666671875 0.2185 0.6125 0.21575000000000003 0.6331666671875 0.213 0.6381666671875 0.20024999999999998 0.6755 0.1985 0.6955 0.20350000000000001 0.7165 0.196 0.7218333328125001 0.194 0.7371666671875 0.1945 0.7538333328125 0.196 0.7608333328125 0.198625 0.7603333328125 0.20012500000000003 0.756 0.20350000000000001 0.7585 0.20249999999999999 0.7638333328125 0.204875 0.7683333328125 0.2165 0.7688333328125 0.21937500000000001 0.7663333328124999 0.22762500000000002 0.764 0.230125 0.7603333328125 0.23325 0.7581666671875
5 0.45462499999999995 0.9296666671875 0.468625 0.9226666671875 0.480625 0.9183333328125001 0.510125 0.9026666671875001 0.522875 0.8993333328125 0.539875 0.8916666671875 0.556625 0.8863333328125 0.569375 0.8843333328125 0.5856250000000001 0.8789999999999999 0.6058749999999999 0.8693333328125 0.616375 0.8673333328125 0.6198750000000001 0.8653333328124999 0.6285000000000001 0.8525 0.63 0.8371666671875 0.63 0.8261666671875 0.628 0.8058333328125 0.62375 0.7905 0.615375 0.7746666671875 0.605375 0.7633333328125 0.597125 0.758 0.565875 0.7486666671875 0.540625 0.7466666671875 0.520125 0.7493333328125 0.505875 0.756 0.47437500000000005 0.7503333328124999 0.47087500000000004 0.7526666671875 0.43937499999999996 0.7516666671875 0.40862499999999996 0.757 0.387875 0.7563333328125 0.38087499999999996 0.7573333328125 0.356375 0.763 0.345125 0.7673333328124999 0.32637499999999997 0.779 0.303625 0.7973333328125001 0.29474999999999996 0.8105 0.2915 0.8248333328124999 0.29175 0.8365 0.29425 0.8408333328125 0.29575 0.8511666671875 0.29625 0.8741666671875 0.29525 0.8785000000000001 0.29500000000000004 0.8941666671874999 0.2965 0.9045 0.30175 0.9191666671875 0.310125 0.9279999999999999 0.331625 0.9416666671874999 0.354625 0.9486666671874999 0.39249999999999996 0.9494999999999999 0.41237500000000005 0.9446666671875 0.426875 0.9396666671875 0.437875 0.9336666671874999 0.45462499999999995 0.9296666671875
5 0.477125 0.749 0.48987499999999995 0.752 0.499625 0.7516666671875 0.5191250000000001 0.7463333328124999 0.542125 0.7446666671875 0.556125 0.7406666671875 0.593125 0.7363333328125 0.604625 0.7323333328125 0.612375 0.7266666671875 0.622875 0.7153333328125 0.639125 0.7006666671875 0.6475 0.6888333328125 0.654 0.6768333328125 0.657 0.6688333328125 0.6587500000000001 0.6538333328125 0.6585 0.6375 0.654 0.6161666671875 0.64525 0.5965 0.6385 0.5861666671875 0.635125 0.5813333328125 0.623875 0.571 0.6136250000000001 0.5666666671875 0.604875 0.5656666671874999 0.595875 0.5660000000000001 0.584375 0.5700000000000001 0.561125 0.583 0.547875 0.593 0.536625 0.6033333328125 0.5198750000000001 0.622 0.515125 0.6246666671875001 0.506875 0.633 0.48637499999999995 0.6496666671875 0.477375 0.654 0.464875 0.657 0.43962500000000004 0.6663333328125 0.42762500000000003 0.6673333328125 0.413625 0.6753333328125 0.40512499999999996 0.6836666671875 0.385125 0.6926666671875 0.36512500000000003 0.7070000000000001 0.35150000000000003 0.7218333328125001 0.343 0.7384999999999999 0.3415 0.7468333328125001 0.34199999999999997 0.7585 0.345125 0.7643333328125 0.34750000000000003 0.7641666671875 0.383625 0.7556666671875 0.404875 0.756 0.440625 0.75 0.477125 0.749
5 0.71675 0.7301666671875 0.721 0.7168333328125 0.7285 0.6741666671875 0.731 0.6545 0.7355 0.6381666671875 0.737 0.6241666671874999 0.7384999999999999 0.5918333328125 0.7382500000000001 0.5748333328124999 0.74075 0.5468333328125 0.74075 0.5125 0.7457499999999999 0.4795 0.7462500000000001 0.4585 0.7505 0.4251666671875 0.751 0.4028333328125 0.75 0.39216666718750004 0.75225 0.3818333328125 0.7525000000000001 0.3758333328125 0.7485 0.3671666671875 0.746 0.3491666671875 0.743 0.34049999999999997 0.73375 0.3295 0.733375 0.324 0.723625 0.3206666671875 0.721875 0.318 0.721875 0.3246666671875 0.709875 0.3246666671875 0.701875 0.3293333328125 0.694875 0.3353333328125 0.6872499999999999 0.3451666671875 0.6759999999999999 0.3715 0.673 0.3898333328125 0.67225 0.4091666671875 0.67325 0.4305 0.67225 0.4655 0.67275 0.48783333281249996 0.67125 0.5471666671875 0.6695 0.5861666671875 0.6675 0.6001666671875 0.6679999999999999 0.6121666671875 0.6655 0.6371666671875 0.6655 0.6605000000000001 0.6627500000000001 0.6918333328124999 0.662 0.7165 0.66425 0.7291666671875 0.6759999999999999 0.7491666671874999 0.681625 0.7546666671875 0.6905 0.7568333328125 0.697875 0.7546666671875 0.705375 0.7483333328125 0.712 0.7394999999999999 0.71675 0.7301666671875
5 0.429625 0.6639999999999999 0.43937499999999996 0.6546666671875 0.44712500000000005 0.6503333328124999 0.471375 0.6416666671875 0.49437499999999995 0.6273333328125 0.502875 0.6246666671875001 0.513625 0.619 0.521875 0.6126666671875001 0.526375 0.6066666671875 0.533375 0.6033333328125 0.560875 0.5816666671874999 0.5706249999999999 0.577 0.5823750000000001 0.5693333328125 0.597125 0.5646666671875 0.613875 0.5646666671875 0.622125 0.5633333328125001 0.631375 0.5593333328125001 0.642375 0.5496666671875 0.6475 0.5428333328125 0.6527499999999999 0.5311666671874999 0.6545 0.5231666671874999 0.6545 0.5098333328125 0.6519999999999999 0.4871666671875 0.64675 0.47016666718750005 0.6371249999999999 0.45499999999999996 0.629375 0.4483333328125 0.6208750000000001 0.44333333281250004 0.608875 0.4403333328125 0.602375 0.4403333328125 0.588875 0.44299999999999995 0.565125 0.4596666671875 0.5466249999999999 0.475 0.528125 0.48333333281249996 0.521375 0.492 0.510125 0.5023333328125 0.49787499999999996 0.5086666671875 0.48637499999999995 0.5176666671875 0.479875 0.5203333328124999 0.46762499999999996 0.5286666671875 0.45912499999999995 0.5323333328125 0.45112500000000005 0.5376666671875 0.442125 0.54 0.41537499999999994 0.5526666671875 0.39237500000000003 0.5603333328125 0.367625 0.5773333328125 0.365375 0.5806666671875 0.36025 0.5841666671875 0.3485 0.6048333328125 0.34625 0.6141666671875 0.3465 0.6328333328125 0.351 0.6465 0.361625 0.667 0.365375 0.67 0.37312500000000004 0.6733333328125 0.380375 0.675 0.39325 0.6751666671875001 0.40337500000000004 0.6726666671875 0.41187500000000005 0.6733333328125 0.422875 0.6683333328125001 0.429625 0.6639999999999999
5 0.66125 0.4185 0.66825 0.4021666671875 0.6717500000000001 0.3888333328125 0.67475 0.37283333281250003 0.67625 0.35583333281249996 0.6895 0.30416666718749996 0.6905 0.2955 0.69025 0.2768333328125 0.68575 0.2608333328125 0.682625 0.2556666671875 0.6743750000000001 0.24700000000000003 0.669875 0.24466666718750002 0.666125 0.24066666718750002 0.659875 0.23766666718749999 0.639375 0.2456666671875 0.629 0.2565 0.62375 0.2665 0.6214999999999999 0.2745 0.61575 0.2878333328125 0.615 0.2928333328125 0.6105 0.30383333281249997 0.60475 0.3238333328125 0.6014999999999999 0.3288333328125 0.59225 0.3561666671875 0.588 0.3908333328125 0.588 0.4028333328125 0.592 0.41616666718750006 0.6016250000000001 0.4306666671875 0.607375 0.4363333328125 0.6128750000000001 0.43933333281250003 0.624 0.4408333328125 0.635625 0.43833333281250003 0.646875 0.4336666671875 0.655125 0.4273333328125 0.66125 0.4185
5 0.54525 0.4085 0.55675 0.3935 0.5690000000000001 0.3721666671875 0.5940000000000001 0.3368333328125 0.60675 0.31416666718749997 0.61375 0.2925 0.61675 0.27549999999999997 0.612 0.2445 0.606625 0.2363333328125 0.592875 0.2286666671875 0.585375 0.2296666671875 0.571875 0.23733333281250002 0.565125 0.2456666671875 0.562125 0.24700000000000003 0.560125 0.2513333328125 0.552375 0.25433333281250003 0.542875 0.263 0.5391250000000001 0.265 0.532875 0.2713333328125 0.517625 0.292 0.502125 0.3076666671875 0.495625 0.3116666671875 0.47887500000000005 0.32966666718750004 0.47074999999999995 0.34550000000000003 0.45575 0.3661666671875 0.45375 0.3725 0.4525 0.3955 0.45599999999999996 0.41150000000000003 0.4625 0.4228333328125 0.469625 0.4263333328125 0.484875 0.4273333328125 0.49362500000000004 0.43099999999999994 0.51 0.44683333281250004 0.524875 0.4376666671875 0.530625 0.42933333281249997 0.5405 0.4185 0.54525 0.4085
5 0.455375 0.364 0.46950000000000003 0.3451666671875 0.47887500000000005 0.3283333328125 0.48562500000000003 0.322 0.49437499999999995 0.31033333281250003 0.506125 0.302 0.514125 0.2936666671875 0.53025 0.26549999999999996 0.5469999999999999 0.24616666718750002 0.554 0.2298333328125 0.5555 0.2198333328125 0.55775 0.2145 0.5575 0.20350000000000001 0.55325 0.19283333281249998 0.5455 0.1858333328125 0.541 0.1721666671875 0.537625 0.1666666671875 0.525125 0.1576666671875 0.507125 0.157 0.49787499999999996 0.1626666671875 0.49037499999999995 0.173 0.472875 0.1863333328125 0.46825 0.19183333281249998 0.45599999999999996 0.2121666671875 0.45225 0.2198333328125 0.44975 0.2298333328125 0.44400000000000006 0.2385 0.43949999999999995 0.2508333328125 0.42837500000000006 0.2596666671875 0.415125 0.2773333328125 0.406125 0.2843333328125 0.38925 0.3075 0.38175 0.3278333328125 0.37825000000000003 0.3488333328125 0.37775 0.3561666671875 0.38 0.3648333328125 0.38575 0.3715 0.38575 0.3758333328125 0.388 0.3818333328125 0.39587500000000003 0.389 0.407125 0.391 0.41187500000000005 0.396 0.417 0.3958333328125 0.42362500000000003 0.3933333328125 0.43537499999999996 0.381 0.445625 0.374 0.455375 0.364
5 0.21325 0.6218333328125001 0.219 0.6061666671875 0.22525 0.5805 0.242 0.5438333328125 0.24725000000000003 0.5278333328125 0.258 0.5018333328125 0.26275 0.4841666671875 0.27949999999999997 0.4551666671875 0.27937500000000004 0.44966666718750004 0.255625 0.43933333281250003 0.251625 0.43566666718749997 0.24512499999999998 0.43233333281249997 0.23224999999999998 0.4175 0.22774999999999998 0.40883333281249995 0.2245 0.3975 0.22349999999999998 0.3878333328125 0.22475 0.3705 0.22999999999999998 0.3485 0.23025 0.3451666671875 0.22762500000000002 0.343 0.20812499999999998 0.34199999999999997 0.203125 0.3426666671875 0.19637500000000002 0.3456666671875 0.185125 0.3563333328125 0.177125 0.3673333328125 0.168625 0.3736666671875 0.162 0.3811666671875 0.15325 0.40149999999999997 0.14525 0.41116666718749995 0.13925 0.4205 0.1365 0.42883333281249997 0.13075 0.4378333328125 0.1265 0.44783333281250004 0.11925 0.4578333328125 0.11174999999999999 0.47350000000000003 0.0995 0.49483333281249997 0.0955 0.5101666671875 0.09175 0.5178333328125 0.08625000000000001 0.5375 0.08 0.5808333328125 0.08125 0.5968333328125001 0.08325 0.6048333328125 0.08625000000000001 0.6115 0.093625 0.621 0.104125 0.6283333328125 0.110125 0.635 0.11862500000000001 0.6413333328124999 0.149625 0.6566666671875 0.16125 0.6585 0.172125 0.6566666671875 0.18587499999999998 0.6486666671875 0.20012500000000003 0.6323333328125 0.21325 0.6218333328125001
5 0.15075 0.4025 0.15525 0.39416666718750004 0.1575 0.3871666671875 0.164375 0.3763333328125 0.177625 0.3656666671875 0.18362499999999998 0.356 0.19337500000000002 0.3473333328125 0.20012500000000003 0.343 0.215375 0.33999999999999997 0.23112499999999997 0.3186666671875 0.25125000000000003 0.3165 0.2535 0.31083333281250003 0.25525000000000003 0.2925 0.2585 0.2808333328125 0.27575 0.2355 0.27799999999999997 0.2198333328125 0.28125 0.2088333328125 0.28425 0.1901666671875 0.28725 0.18316666718750002 0.286875 0.1776666671875 0.281625 0.178 0.262625 0.19 0.24962499999999999 0.20033333281250001 0.24712499999999998 0.20366666718749998 0.24337499999999998 0.2053333328125 0.22362500000000002 0.22400000000000003 0.215625 0.2253333328125 0.20787499999999998 0.231 0.179875 0.2463333328125 0.174625 0.2533333328125 0.153875 0.2666666671875 0.145375 0.275 0.138625 0.2786666671875 0.10987499999999999 0.30333333281249997 0.100875 0.3093333328125 0.09712499999999999 0.31433333281250003 0.09037500000000001 0.32 0.08549999999999999 0.3271666671875 0.08325 0.3331666671875 0.08175 0.3435 0.08299999999999999 0.3561666671875 0.08625000000000001 0.3661666671875 0.09425 0.38216666718750003 0.098 0.3988333328125 0.10200000000000001 0.4098333328125 0.106375 0.417 0.113625 0.4223333328125 0.12162500000000001 0.4246666671875 0.12775 0.42483333281249996 0.133375 0.42366666718749996 0.139875 0.4176666671875 0.14250000000000002 0.41216666718750006 0.15075 0.4025
5 0.415125 0.5516666671875 0.42662500000000003 0.5456666671875 0.45112500000000005 0.5366666671875 0.48637499999999995 0.5166666671875 0.510375 0.5006666671875 0.513 0.49450000000000005 0.514 0.47450000000000003 0.5125 0.4641666671875 0.50725 0.4471666671875 0.502375 0.4403333328125 0.48612500000000003 0.42933333281249997 0.48312499999999997 0.42833333281249997 0.46712499999999996 0.42833333281249997 0.446375 0.4363333328125 0.43562500000000004 0.44166666718750003 0.43162500000000004 0.445 0.41937499999999994 0.44733333281250004 0.38487499999999997 0.4636666671875 0.367875 0.47800000000000004 0.366 0.4811666671875 0.368125 0.4843333328125 0.371875 0.487 0.37675000000000003 0.49450000000000005 0.3795 0.5045 0.38025000000000003 0.5118333328125 0.37775 0.5355000000000001 0.36724999999999997 0.5698333328125 0.36924999999999997 0.5725 0.37287499999999996 0.572 0.386375 0.5623333328125 0.401375 0.5553333328125001 0.415125 0.5516666671875
5 0.43499999999999994 0.21516666718750002 0.43825000000000003 0.20416666718749998 0.43875000000000003 0.1971666671875 0.43825000000000003 0.1838333328125 0.43425 0.1581666671875 0.42774999999999996 0.1358333328125 0.41950000000000004 0.11516666718749999 0.4165 0.1045 0.40625 0.0851666671875 0.39587500000000003 0.073 0.384625 0.064 0.376625 0.0606666671875 0.36712500000000003 0.06 0.3655 0.0625 0.364 0.0718333328125 0.36324999999999996 0.1058333328125 0.36075 0.1368333328125 0.36124999999999996 0.1631666671875 0.35924999999999996 0.18316666718750002 0.359 0.20016666718749998 0.3685 0.21749999999999997 0.377625 0.2273333328125 0.383875 0.22999999999999998 0.389125 0.23500000000000001 0.398625 0.23900000000000002 0.4095 0.2391666671875 0.42112499999999997 0.23566666718749998 0.42762500000000003 0.22999999999999998 0.43099999999999994 0.2248333328125 0.43499999999999994 0.21516666718750002