4 0.8000355499999999 0 0.791681478125 0.0172336609375 0.7913259859374999 0.029767234375 0.7831496625 0.049462846875 0.780661215625 0.06289167343749999 0.7817276921875 0.07408236406249999 0.79097049375 0.1013876453125 0.7964806249999999 0.1087735 0.8043014578125 0.1128021484375 0.8124777812499999 0.1123545203125 0.81887664375 0.1083258734375 0.83576253125 0.112578334375 0.8562033421875 0.1025067140625 0.8690010671874999 0.0881826328125 0.8761109140625001 0.0828111015625 0.8801990749999999 0.0763205015625 0.8873089234375 0.053939121874999996 0.887664415625 0.046777081250000005 0.8851759687499999 0.0391674125 0.8798435828125 0.030214860937499997 0.8826875218750001 0.025290957812499997 0.8826875218750001 0.013652640625 0.8798435828125 0.0042524625 0.8764664062499999 0 0.8000355499999999 0
4 0.9603626015625 0.15846016093749998 0.969072165625 0.1421217546875 0.9740490578125 0.12421665156249999 0.97440455 0.11839749375 0.9736935656249999 0.10720680468749999 0.9704941343750001 0.09914950781250001 0.954496978125 0.0888540734375 0.9537859937500001 0.07721575625 0.9450764312500001 0.0631154875 0.937966584375 0.05819158437500001 0.91770351875 0.0523724265625 0.9098826875 0.0523724265625 0.9020618562499999 0.056848701562500006 0.8937077859375 0.0687108328125 0.8903306078125001 0.078334825 0.878599359375 0.0823634734375 0.8704230359375 0.08773500468749999 0.8642019203125001 0.0969113703125 0.862068965625 0.10317815625 0.8624244578125 0.11392121718749999 0.86775684375 0.128692928125 0.86775684375 0.1434646375 0.8706007828125 0.1551029546875 0.8768218984375 0.1633840640625 0.8906860999999999 0.1714413609375 0.900995378125 0.18307967812499998 0.9111269109375 0.1846463734375 0.9180590125 0.18307967812499998 0.9294347671875001 0.1732318703125 0.9475648781249999 0.1692032234375 0.9603626015625 0.15846016093749998
8 0.563810878125 0.3229632953125 0.562033415625 0.31087735 0.5570565234375 0.296105640625 0.5476359765625001 0.2833482546875 0.537326696875 0.27708146875 0.5259509421875 0.27708146875 0.518485603125 0.28155774375 0.5108425171875 0.293419875 0.507998578125 0.30863921250000004 0.509420546875 0.32654431562499997 0.5147529328125 0.3422112796875 0.5252399578125 0.35989256875 0.5369712046874999 0.36929274843750004 0.5456807671874999 0.3704118171875 0.550124421875 0.3688451203125 0.5559900468750001 0.363697403125 0.5627444015624999 0.34623992812500004 0.563810878125 0.3229632953125
8 0.6185567015625 0.35966875625 0.6199786703125 0.3457923015625 0.6174902234374999 0.33370635625 0.610913615625 0.3236347359375 0.6041592609374999 0.3196060875 0.5924280125 0.3187108328125 0.585318165625 0.3209489703125 0.5778528265625 0.3258728734375 0.5659438328124999 0.3390778875 0.5581229999999999 0.36190689374999996 0.559189478125 0.38160250625000003 0.5645218625 0.39234556875000004 0.572520440625 0.3979409125 0.58514041875 0.3990599828125 0.5931389968749999 0.3952551484375 0.6045147531249999 0.38585496875 0.6121578390625 0.3757833484375 0.6185567015625 0.35966875625
8 0.52790615 0.38742166562499997 0.52790615 0.3753357203125 0.52470671875 0.36011638281249997 0.5133309640625 0.3404207703125 0.5 0.3290062671875 0.49217916875 0.3258728734375 0.48151439687500003 0.3258728734375 0.470494134375 0.3312444046875 0.466405971875 0.33594449375 0.46071809531249996 0.3471351828125 0.46036260156250003 0.36638316875 0.463917525 0.37891674062499997 0.46782794218749996 0.38697403750000003 0.4758265203125 0.3974932859375 0.48400284375 0.403760071875 0.494312121875 0.40913160312499997 0.5069321015625 0.410250671875 0.512797725 0.40957922968749993 0.521685034375 0.4042076984375 0.5261286875 0.3959265890625 0.52790615 0.38742166562499997
8 0.6135798078125 0.461280215625 0.615001778125 0.44471799531249995 0.6121578390625 0.43039391250000003 0.6073586921875 0.42256042968749996 0.5991823671875001 0.41629364375 0.585318165625 0.4153983890625 0.5728759328125 0.42256042968749996 0.5616779234375 0.43621307031249995 0.554212584375 0.45948970468750006 0.5545680765625 0.4791853171875 0.558833984375 0.49261414531250003 0.5675435484375 0.5008952546875001 0.5776750796875 0.5024619515625 0.583540703125 0.5008952546875001 0.5991823671875001 0.4892569375 0.6082474234374999 0.476051925 0.6135798078125 0.461280215625
8 0.554212584375 0.45948970468750006 0.558833984375 0.44337511249999995 0.559189478125 0.428155775 0.5563455390625001 0.415174575 0.5497689296875 0.4046553265625 0.543014575 0.4001790515625 0.530927834375 0.4001790515625 0.5152861718749999 0.40913160312499997 0.504799146875 0.427708146875 0.49982225312499995 0.4442703671875 0.4994667609375 0.4644136078125 0.5033771781249999 0.48231871093749995 0.5063988625 0.487466428125 0.513508709375 0.49283795937499997 0.5229292562500001 0.493061771875 0.528083896875 0.49104744843750003 0.5412371140625 0.47940913125 0.5492356921875 0.46933751093750004 0.554212584375 0.45948970468750006
8 0.5019552078125 0.43621307031249995 0.5019552078125 0.42905102968750003 0.4994667609375 0.42188898906250005 0.49217916875 0.41002685781250003 0.4747600421875 0.3979409125 0.4552079625 0.396150403125 0.443476715625 0.40107430624999996 0.43121222968749995 0.4165174578125 0.4294347671875 0.4312891671875 0.43263419843750006 0.442927484375 0.43992179218749994 0.453894359375 0.4534305015625 0.46284691093749997 0.4710273734375 0.4639659796875 0.4850693203125 0.45926589062499995 0.4932456453125 0.45344673281250003 0.49911126875 0.44606087812500006 0.5019552078125 0.43621307031249995
8 0.4962673296875 0.49709042031250006 0.49662282187500006 0.488585496875 0.493778884375 0.4796329453125 0.487202275 0.472247090625 0.4715606109375 0.464637421875 0.45129754687499996 0.4655326765625 0.4377888375 0.47269471875 0.42961251406249995 0.4807520140625 0.42410238125 0.489033125 0.4216139359375 0.4979856765625 0.4212584421875 0.5078334828125 0.421969428125 0.51410026875 0.4269463203125 0.5239480750000001 0.4356558828125 0.533124440625 0.44667614687499996 0.5367054609374999 0.4564521859375 0.536929275 0.47084962656249996 0.5317815578125 0.4843583359375 0.5219337515625 0.49271240625 0.5087287375 0.4962673296875 0.49709042031250006
8 0.56309989375 0.5333482546874999 0.5634553859375 0.5226051921875 0.559189478125 0.5114145031249999 0.5440810515625001 0.4977618625 0.5259509421875 0.49328558593749994 0.5138642015625 0.49462846875000005 0.5003554921875 0.5013428828125 0.4912904375 0.5105192484375001 0.4859580515625 0.5257385859375 0.48631354375 0.536929275 0.49200142187499996 0.5508057296875 0.5021329546875 0.5604297218750001 0.517419125 0.565801253125 0.527195165625 0.5655774390625 0.537326696875 0.5626678609375 0.5547458234375 0.5492390328125001 0.559189478125 0.5431960609375001 0.56309989375 0.5333482546874999
14 0.404194809375 0.5561772609375 0.403483825 0.54230080625 0.396373978125 0.5176812890625 0.38979736875 0.5085049234375 0.38339850625 0.507162040625 0.3734447203125 0.500447628125 0.36775684375 0.4986571171875 0.3528261640625 0.4986571171875 0.34216139375 0.5040286484375 0.32492001406250004 0.5221575656249999 0.3192321359375 0.536481646875 0.3146107359375 0.5584153984375 0.319943121875 0.57497761875 0.3281194453125 0.589749328125 0.3325631 0.5940017906249999 0.34073942343749997 0.599373321875 0.3642019203125 0.6069829906249999 0.3697120515625 0.6067591765625 0.375577675 0.604297225 0.3974404546875 0.5781110109375 0.40312833281250005 0.5637869296875 0.404194809375 0.5561772609375
14 0.3185211515625 0.537376903125 0.32492001406250004 0.5203670546875 0.323142553125 0.506938228125 0.31905439062499996 0.49820948906250007 0.3019907578125 0.4861235453125 0.29452541718749997 0.4829901515625 0.28599360156250003 0.48343777968749996 0.28030572343750004 0.4856759171875 0.27017419062500003 0.49574753749999995 0.26484180625 0.503804834375 0.26022040468749996 0.5149955234375 0.2570209734375 0.53155774375 0.257376465625 0.549462846875 0.2612868828125 0.5691584609375 0.266441521875 0.5725156671875 0.28403839375 0.57273948125 0.298080340625 0.57072515625 0.3114113046875 0.5575201437499999 0.31567721249999997 0.549462846875 0.3185211515625 0.537376903125
14 0.3782438671875 0.453670546875 0.3775328828125 0.4286034015625 0.3750444359375 0.414726946875 0.3711340203125 0.4066696515625 0.3562033421875 0.3851835265625 0.356558834375 0.379811996875 0.353892640625 0.37511190625 0.34713828593749996 0.375559534375 0.3297191609375 0.3871978515625 0.3215428375 0.38809310625000004 0.3115890515625 0.3746642796875 0.3019907578125 0.3675022375 0.2842161390625 0.360340196875 0.2739068609375 0.3594449421875 0.26715250625000003 0.363473590625 0.25666548125 0.3757833484375 0.263953075 0.380931065625 0.26537504375 0.37511190625 0.2753288296875 0.373321396875 0.2817276921875 0.367949865625 0.294169925 0.37287376875 0.295769640625 0.3753357203125 0.294880909375 0.37645478906249996 0.288482046875 0.3782453 0.2833274078125 0.3838406453125 0.28208318593750004 0.3979409125 0.274262353125 0.3979409125 0.244045503125 0.38809310625000004 0.239424103125 0.38809310625000004 0.23782438749999998 0.39010743125 0.23889086406249999 0.39413607812499996 0.24333451875 0.398388540625 0.268574475 0.40599820937500003 0.2851048703125 0.42502238124999997 0.2833274078125 0.43979409062499997 0.2836829015625 0.4496418984375 0.2959473875 0.48119964218750005 0.31656594375 0.4888093109375 0.335584784375 0.4894807515625 0.3439388546875 0.487466428125 0.357447565625 0.47940913125 0.3674013515625 0.47000895312499996 0.3782438671875 0.453670546875
2 0.244934234375 0.1568934640625 0.2484891578125 0.1443598921875 0.257376465625 0.12153088593750001 0.26306434375 0.11078782499999999 0.2676857453125 0.0964637421875 0.2831496625 0.0752014328125 0.298080340625 0.0644583703125 0.301279771875 0.05908683906249999 0.2970138640625 0.05908683906249999 0.28634909375 0.063563115625 0.2788837546875 0.068934646875 0.2643085671875 0.08594449374999999 0.2507998578125 0.09086839687500001 0.2307145390625 0.11615935468750001 0.21578386093750002 0.140778871875 0.20760753593749998 0.16316025 0.20760753593749998 0.1680841546875 0.21009598281250003 0.173455684375 0.2040526125 0.19225604375 0.20369712031249998 0.2106087734375 0.205119090625 0.22135183593750002 0.21009598281250003 0.23478066250000001 0.21631709843750002 0.24127126250000003 0.2228937078125 0.24194270312500002 0.2291148234375 0.23813786874999998 0.2339139703125 0.22896150468749998 0.23746889375000002 0.1931512984375 0.244934234375 0.1568934640625
2 0.2801279765625 0.3202775296875 0.27906149999999996 0.285362578125 0.2769285453125 0.2719337515625 0.2723071453125 0.2589525515625 0.2628865984375 0.2502238140625 0.255065765625 0.24843330312499998 0.24706718749999998 0.25760966875 0.243156771875 0.2670098484375 0.24137931093749998 0.2741718890625 0.24102381875 0.29252461875 0.24706718749999998 0.334153984375 0.2580874515625 0.3605640109375 0.26253110625 0.3666069828125 0.26377532812500004 0.36638316875 0.27177390625000003 0.360787825 0.2785282609375 0.35854968593750003 0.2794169921875 0.356087734375 0.2801279765625 0.3202775296875
2 0.19978670468749998 0.2862578328125 0.19587628906250001 0.258057296875 0.19623178125000001 0.2258281109375 0.20263064375 0.1877797671875 0.20031994375 0.1848701875 0.19587628906250001 0.196284690625 0.19552079687499999 0.2025514765625 0.1908993953125 0.2052372421875 0.190543903125 0.212399284375 0.1798791328125 0.22851387656250002 0.17241379375000002 0.24686660625 0.16601493125 0.2867054609375 0.1688588703125 0.36011638281249997 0.176857446875 0.375559534375 0.1814788484375 0.377797671875 0.189121934375 0.3780214859375 0.19214361875 0.37645478906249996 0.19623178125000001 0.3699641890625 0.2004976890625 0.34623992812500004 0.19978670468749998 0.2862578328125
2 0.19552079687499999 0.15644583750000002 0.19587628906250001 0.1398836171875 0.20120867343749999 0.087511190625 0.20120867343749999 0.074529990625 0.19836473593749998 0.0660250671875 0.1932100953125 0.0622202328125 0.18574475625 0.0626678609375 0.180234625 0.06736795 0.17703519375000001 0.07408236406249999 0.173124778125 0.0888540734375 0.1709918234375 0.1300358109375 0.17632420937499999 0.1774843328125 0.175613225 0.1877797671875 0.1781016703125 0.20165622187499999 0.1805901171875 0.2025514765625 0.1820120875 0.19852282968749999 0.1868112328125 0.19561325000000002 0.1887664421875 0.19225604375 0.19552079687499999 0.15644583750000002
2 0.15143974375 0.33594449375 0.1510842515625 0.3296777078125 0.15357269843750002 0.3225156671875 0.1549946671875 0.3041629359375 0.1517952359375 0.252685765625 0.1453963734375 0.23209489687499998 0.13864201874999998 0.22358997343749998 0.136509065625 0.2177708140625 0.13899751093749999 0.20344673281249998 0.13739779531250002 0.1996418984375 0.133309634375 0.209265890625 0.13224315625 0.21821844218750003 0.1238890859375 0.22247090468750003 0.1215783859375 0.22538048281249998 0.11766797031250001 0.24104744843749998 0.11908993906250001 0.25716204062500003 0.11766797031250001 0.2916293640625 0.11908993906250001 0.2956580125 0.12122289374999999 0.3296777078125 0.1254888015625 0.35116383125 0.12815499531250002 0.35317815625 0.13508709531250002 0.3529543421875 0.1505510125 0.3522829 0.15392819062500002 0.3507162046875 0.1542836828125 0.34444941875 0.15143974375 0.33594449375
0 0.3599360109375 0.1947179953125 0.37380021406249997 0.1862130703125 0.3873089234375 0.17278424375 0.4075719875 0.1642793203125 0.41930323437499994 0.15666965156249998 0.4237468890625 0.1519695609375 0.4248133671875 0.1470456578125 0.42285815781249997 0.1436884515625 0.41823675781249997 0.141897940625 0.4040170640625 0.1427931953125 0.362068965625 0.1674127125 0.34251688593749996 0.1817367953125 0.331852115625 0.1920322296875 0.3034127265625 0.2144136078125 0.29061500156250003 0.22784243437499999 0.264130821875 0.24731423437500002 0.2650195515625 0.25201432343749997 0.2715961609375 0.25581915781250003 0.296658371875 0.2426141453125 0.3105225734375 0.2372426140625 0.3439388546875 0.210384959375 0.3599360109375 0.1947179953125
0 0.3926413078125 0.2372426140625 0.4061500171875 0.2175470015625 0.412904371875 0.21262309687499997 0.4246356203125 0.19740375937500002 0.4431212234375 0.1803939125 0.4676501953125 0.1692032234375 0.5063988625 0.1633840640625 0.5138642015625 0.15980304375 0.515108425 0.158236346875 0.5147529328125 0.15331244375 0.46978315000000004 0.151745746875 0.4552079625 0.154879140625 0.431389975 0.1687555953125 0.42392463593749996 0.17502238125 0.3912193390625 0.21262309687499997 0.3889086390625 0.2177708140625 0.36722360468750004 0.24731423437500002 0.3668681125 0.2517905109375 0.368467828125 0.253804834375 0.3857092078125 0.25537153125 0.3878421609375 0.25313339375 0.38926413125 0.24731423437500002 0.388197653125 0.2361235453125 0.3926413078125 0.2372426140625
0 0.38837540000000004 0.213070725 0.3926413078125 0.2072515671875 0.3993956625 0.202775290625 0.40259509375 0.19740375937500002 0.42179168125000005 0.1763652640625 0.4349448984375 0.1660698296875 0.44952008593750004 0.15756490625 0.46658371875000004 0.152641003125 0.47902595156250005 0.1459265890625 0.4925346609375 0.1436884515625 0.5021329546875 0.14010743125 0.512797725 0.1338406453125 0.5154639171875 0.128692928125 0.5110202625 0.1280214859375 0.5060433703125 0.1235452109375 0.49893352343749997 0.1208594453125 0.482580875 0.1217547 0.44952008593750004 0.137421665625 0.42961251406249995 0.14950760937500002 0.408282971875 0.16830796718750002 0.3864201921875 0.19494180781249998 0.37220049843749997 0.21642793125 0.3711340203125 0.22224709062499998 0.373266975 0.22358997343749998 0.37699964375 0.22291853125 0.3777106296875 0.218889884375 0.38055456875 0.218889884375 0.38837540000000004 0.213070725
0 0.409171703125 0.2594001796875 0.41201564218750003 0.2567144140625 0.41628155 0.24194270312500002 0.41503732656250003 0.24619516562500002 0.4079274796875 0.2470904203125 0.400462140625 0.2529095796875 0.3958407390625 0.2596239921875 0.3912193390625 0.26051924843749996 0.389975115625 0.26208594375 0.39068610000000004 0.2670098484375 0.38339850625 0.2775290953125 0.37842161406249997 0.282005371875 0.357447565625 0.29095792343750004 0.3410949171875 0.2905102953125 0.33576253125 0.29230080625 0.33131887656250003 0.2965532671875 0.339672946875 0.301700984375 0.35175968750000003 0.30438675000000004 0.3622467109375 0.3046105640625 0.376288659375 0.299910475 0.39157483125 0.288719784375 0.3992179171875 0.2786481640625 0.409171703125 0.2594001796875
0 0.4571631703125 0.1022829 0.4685389265625 0.085273053125 0.4870245296875 0.064682184375 0.4948453609375 0.051700984375 0.5019552078125 0.04453894375 0.5039104156249999 0.0393912265625 0.5021329546875 0.0389435984375 0.5003554921875 0.0416293640625 0.49502310625 0.043419875000000004 0.487202275 0.044315129687499996 0.478314965625 0.0501342875 0.45734091718750003 0.07385855 0.4436544609375 0.0933303484375 0.42552435156249996 0.12645478906250002 0.4205474578125 0.138540734375 0.4212584421875 0.1416741265625 0.42801279843750006 0.148388540625 0.435300390625 0.145031334375 0.43832207656250005 0.1416741265625 0.44543192343750004 0.12332139687499999 0.4571631703125 0.1022829
0 0.34447209375 0.2173231875 0.34251688593749996 0.2121754703125 0.33789548593749996 0.213518353125 0.3297191609375 0.2197851390625 0.3238535375 0.22717099375 0.3170991828125 0.2459713515625 0.3176324203125 0.2497761859375 0.323142553125 0.250447628125 0.3265197296875 0.2502238140625 0.3348738 0.2437332140625 0.33985069375 0.22717099375 0.34447209375 0.2173231875
0 0.34944898750000003 0.09243509375 0.3441166015625 0.0687108328125 0.33291859218750003 0.033124440625 0.3298969078125 0.0360340203125 0.3284749375 0.045434198437500004 0.335584784375 0.10317815625 0.340561678125 0.1313786921875 0.340561678125 0.1443598921875 0.335584784375 0.1828558640625 0.3377177390625 0.186436884375 0.3519374328125 0.1747985671875 0.35407038750000003 0.158236346875 0.3537148953125 0.1389883609375 0.34944898750000003 0.09243509375
11 0.6615712765625 0.2517905109375 0.6480625671875 0.23075201406249998 0.6336651265625 0.21396597968750003 0.6272662640625 0.20859445000000001 0.6158905078125 0.2041181734375 0.5799857796875 0.19829901562500002 0.571098471875 0.195165621875 0.5682545328125 0.19158460156249998 0.5645218625 0.1900179046875 0.5641663703125 0.1931512984375 0.5675435484375 0.1978513875 0.575719871875 0.202775290625 0.6041592609374999 0.21396597968750003 0.6311766796875 0.235452103125 0.64415215 0.2517905109375 0.6551724140624999 0.27059086875 0.6590828296875 0.28983885468750004 0.66654816875 0.31087735 0.6702808390625 0.3133393015625 0.6750799859375001 0.313563115625 0.6765019546875 0.31087735 0.6715250625 0.2996866609375 0.6676146468749999 0.2714861234375 0.6615712765625 0.2517905109375
11 0.681834340625 0.20031333906249998 0.6789904015625 0.19404655312500002 0.6736580156249999 0.1694270359375 0.6711695703125 0.13809310625 0.6628155 0.136526409375 0.6605047984375 0.1389883609375 0.659438321875 0.14391226562499998 0.659438321875 0.1645031328125 0.66192676875 0.18419874687499999 0.6676146468749999 0.2025514765625 0.674013509375 0.2137421671875 0.6830785640625 0.22470904218749999 0.6983647359375 0.2372426140625 0.7070742984375 0.24104744843749998 0.7102737296875 0.23880931093750002 0.7099182374999999 0.235228290625 0.69392108125 0.2173231875 0.681834340625 0.20031333906249998
11 0.5687877703125 0.125559534375 0.5627444015624999 0.10989256875 0.5536793453125 0.10026857656249999 0.551901884375 0.10026857656249999 0.5506576609375 0.10273052812500001 0.5506576609375 0.11078782499999999 0.552435121875 0.12332139687499999 0.5577675078125 0.143017009375 0.562388909375 0.15376007187500002 0.570920725 0.168979409375 0.5796302875 0.1803939125 0.58922858125 0.187555953125 0.5982936359375 0.189570278125 0.6014930671875 0.1882273953125 0.6018485609375 0.1828558640625 0.58514041875 0.1577887203125 0.5687877703125 0.125559534375
11 0.63224315625 0.185317815625 0.6226448625 0.178155775 0.6002488453125 0.1544315125 0.59562744375 0.1535362578125 0.596516175 0.148388540625 0.5885175968749999 0.1383169203125 0.58460718125 0.1356311546875 0.5810522578125 0.1356311546875 0.5787415578124999 0.13764547968750002 0.580696765625 0.144136078125 0.5838961968749999 0.1414503140625 0.5858514046875001 0.143017009375 0.5821187343750001 0.145031334375 0.5815854953125 0.148388540625 0.5922502671875 0.1676365265625 0.6023817984375001 0.182184421875 0.6158905078125 0.1933751125 0.634731603125 0.21262309687499997 0.6512619984375 0.219561325 0.6533949515625 0.2177708140625 0.6512619984375 0.209265890625 0.647707075 0.20299910468750001 0.63224315625 0.185317815625
11 0.6480625671875 0.1085496859375 0.6452186281250001 0.09870187968750001 0.6423746890625 0.09422560468749999 0.6427301812499999 0.0893017015625 0.6373977953125001 0.0696060875 0.6277995015625 0.0512533578125 0.62122289375 0.044315129687499996 0.617312478125 0.0438675015625 0.6160682546875 0.045434198437500004 0.6174902234374999 0.05438675 0.615001778125 0.0584153984375 0.616423746875 0.064682184375 0.6238890859375 0.0736347359375 0.6281549953125001 0.0839301703125 0.6377532890625 0.0937779765625 0.6345538578125 0.09870187968750001 0.6334873796875 0.104968665625 0.6327763953125001 0.1340644578125 0.6309989328125 0.1465980296875 0.6313544265625 0.158683975 0.633309634375 0.16204118125 0.6359758265625 0.16316025 0.6416637046875 0.158236346875 0.6416637046875 0.15331244375 0.6452186281250001 0.13943598906250002 0.6480625671875 0.1085496859375
11 0.606825453125 0.0508057296875 0.597227159375 0.029767234375 0.590828296875 0.021709937500000002 0.58514041875 0.0105192484375 0.5778528265625 0.0040286484375 0.5767863484375 0.0013428828125000001 0.5762531109375 0.015443151562499998 0.5780305718750001 0.0248433296875 0.59509420625 0.0651298125 0.6119800921875 0.0899731421875 0.6233558484375 0.0975828109375 0.63170991875 0.10004476250000001 0.6354425874999999 0.09892569375 0.63633131875 0.09422560468749999 0.6231781015625 0.0781110109375 0.606825453125 0.0508057296875
5 0.8019907578125001 0.42054610625000005 0.8002132953125001 0.41204118125000005 0.7913259859374999 0.3954789609375 0.7906150015625 0.39145031406249997 0.7726626375000001 0.367949865625 0.766441521875 0.3623545203125 0.7481336656249999 0.337511190625 0.7179168140625001 0.31154879062499996 0.71365090625 0.3111011640625 0.7109847140625 0.31624888125 0.7145396374999999 0.3301253359375 0.721649484375 0.3475828109375 0.7323142546875 0.3659355421875 0.7429790265625 0.4012981203125 0.767330253125 0.4409131609375 0.776573053125 0.44807520156249997 0.7831496625 0.44874664218750004 0.7922147171875 0.44449418124999995 0.7987913265625 0.4371083265625 0.8019907578125001 0.429946284375 0.8019907578125001 0.42054610625000005
5 0.7767508000000001 0.3354968671875 0.7657305375 0.313563115625 0.7596871671875001 0.2965532671875 0.7563099890625 0.29140555 0.7492001421875 0.28558639218750004 0.7378243875 0.284243509375 0.7339139703125 0.28558639218750004 0.7348027015625 0.2916293640625 0.7273373624999999 0.300581915625 0.728048346875 0.311324978125 0.7308922859375 0.31848701875 0.736046925 0.32632050156250003 0.75346605 0.3433303484375 0.7579097046875 0.3507162046875 0.7723071453125 0.3670546109375 0.7886597937500001 0.3889883609375 0.7923924640625 0.389659803125 0.7963028796875 0.38697403750000003 0.8005687874999999 0.3757833484375 0.7987913265625 0.36683079687500003 0.7767508000000001 0.3354968671875
5 0.8297191609375 0.36190689374999996 0.822253821875 0.33460161093749996 0.819054390625 0.32743957031250004 0.8124777812499999 0.32005371562499996 0.8035904734375 0.3191584609375 0.7964806249999999 0.321844225 0.7918592249999999 0.3258728734375 0.788837540625 0.33146821875 0.788837540625 0.34131602499999997 0.79097049375 0.34892569375 0.8062566656250001 0.38160250625000003 0.8154994671875 0.397269471875 0.819765375 0.401745746875 0.8300746531250001 0.42457475312500004 0.8316743687500001 0.426589078125 0.83576253125 0.4268128921875 0.838250978125 0.42457475312500004 0.8386064703124999 0.4183079671875 0.8361180234375001 0.40980304375000004 0.8297191609375 0.36190689374999996
5 0.9082829718750001 0.3932408234375 0.9072164953125 0.3838406453125 0.8981514390625 0.3719785140625 0.8903306078125001 0.36839749374999997 0.88286526875 0.37063563125 0.8771773906250001 0.37511190625 0.8617134734375 0.4039838859375 0.85815855 0.414726946875 0.858869534375 0.42278424374999996 0.8713117671875 0.43621307031249995 0.878599359375 0.43509400156250005 0.8928190546874999 0.415846015625 0.9061500171875 0.40085049218749996 0.9082829718750001 0.3932408234375
5 0.8602915031249999 0.36504028593750004 0.8396729468749999 0.31401074375000004 0.8313188765625 0.3021486125 0.827763953125 0.299910475 0.815143975 0.313563115625 0.8144329890625001 0.3202775296875 0.8201208671875 0.32923008125000003 0.8272307140624999 0.3507162046875 0.8314966234375 0.3753357203125 0.8371845 0.39682184375 0.84447209375 0.4024171890625 0.8528261640625001 0.4035362578125 0.8576253109374999 0.40196956093749997 0.8617134734375 0.3932408234375 0.862068965625 0.3780214859375 0.8602915031249999 0.36504028593750004
5 0.8674013515624999 0.3095344671875 0.8610024890625001 0.2911817375 0.8553146109374999 0.25984780625 0.8514041953125 0.24776186249999999 0.843761109375 0.240823634375 0.8355847843750001 0.240823634375 0.8314966234375 0.24462846875 0.8293636687499999 0.2567144140625 0.8293636687499999 0.26208594375 0.8329185921875 0.2764100265625 0.8304301453124999 0.2996866609375 0.838250978125 0.311324978125 0.8514041953125 0.34131602499999997 0.855670103125 0.3435541625 0.8629576968749999 0.3410922109375 0.8674013515624999 0.33370635625 0.8684678281249999 0.32743957031250004 0.8674013515624999 0.3095344671875
5 0.8926413078125 0.2956580125 0.8905083546875 0.28804834375 0.8592250265624999 0.2177708140625 0.8455385703125 0.195165621875 0.8394952015625 0.1942703671875 0.835051546875 0.1980752015625 0.8346960546875 0.22358997343749998 0.85318165625 0.2513428828125 0.8606469953125 0.288495971875 0.8684678281249999 0.313563115625 0.8801990749999999 0.31624888125 0.8864201921875001 0.31423455625 0.8908638468750001 0.3099820953125 0.8926413078125 0.30326768125000003 0.8926413078125 0.2956580125
5 0.8037682187499999 0.199418084375 0.7762175609375 0.165174575 0.7698186984375 0.16204118125 0.7609313906249999 0.1642793203125 0.7570209734375 0.16204118125 0.7529328125 0.168979409375 0.755065765625 0.176589078125 0.755065765625 0.18375111875 0.7582651968749999 0.191808415625 0.771062921875 0.2083706359375 0.7801279765625 0.2251566703125 0.79274795625 0.2311996421875 0.8025239953125001 0.2251566703125 0.8059011734375 0.22000895312500002 0.8066121578125 0.207027753125 0.8037682187499999 0.199418084375
5 0.791681478125 0.232542525 0.7897262703125 0.2300805734375 0.7804834703125 0.22605192500000001 0.764130821875 0.22291853125 0.7300035546875 0.20322291875 0.72182723125 0.20456580156249998 0.7159616062499999 0.21284691093750002 0.7148951296875 0.22717099375 0.7196942765625 0.236347359375 0.7300035546875 0.24216651718749999 0.7417348031250001 0.2444046546875 0.7563099890625 0.25111906875 0.780661215625 0.254923903125 0.78688233125 0.251566696875 0.7906150015625 0.24552372500000003 0.792036971875 0.23701880000000003 0.791681478125 0.232542525
6 0.9146818343750001 0.58795881875 0.916459296875 0.5736347359375 0.919303234375 0.566920321875 0.919303234375 0.5539391218749999 0.9168147890625 0.54677708125 0.9114824031250001 0.539615040625 0.9082829718750001 0.532005371875 0.8985069328125 0.5232766343749999 0.8906860999999999 0.52059086875 0.8640241734374999 0.51835273125 0.8586917875 0.51835273125 0.8409171703125 0.5232766343749999 0.8217205828124999 0.533124440625 0.8080341265625 0.5490152187499999 0.8002132953125001 0.5628916734375 0.799857803125 0.574529990625 0.8019907578125001 0.5785586390625 0.8037682187499999 0.58795881875 0.8082118734374999 0.59444941875 0.8131887671875001 0.5980304390625 0.8201208671875 0.6000447624999999 0.822253821875 0.6121307078125 0.8249200140624999 0.6181736796874999 0.8341628156249999 0.6275738578125 0.85087095625 0.6347359 0.85958051875 0.6345120859375 0.870778528125 0.6329453890625001 0.8821542843750001 0.6275738578125 0.9052612874999999 0.6038495968750001 0.9146818343750001 0.58795881875
10 0.74333451875 0.40980304375000004 0.7390686093750001 0.391897940625 0.73515819375 0.382050134375 0.7303590468750001 0.3769024171875 0.7179168140625001 0.3715308859375 0.704763596875 0.3795881828125 0.7017419125 0.3851835265625 0.7084962671875 0.40085049218749996 0.712762175 0.420098478125 0.72236046875 0.4308415390625 0.7257376468750001 0.4301700984375 0.7388908640625 0.42076991875 0.7426235343750001 0.415174575 0.74333451875 0.40980304375000004
10 0.6743690015625 0.4259176359375 0.682723071875 0.416741271875 0.6869889796875001 0.4198746640625 0.6912548875 0.42032229218749995 0.694632065625 0.4165174578125 0.6942765734375 0.404879140625 0.6967650203125 0.3963742171875 0.6967650203125 0.3878692921875 0.696054034375 0.37936436875 0.693743334375 0.375559534375 0.6884109484375001 0.3715308859375 0.684856025 0.37108325937500003 0.6738357625 0.3769024171875 0.6629932453125 0.3910026859375 0.654639175 0.40555058125 0.6446853890625001 0.41047448593749997 0.6382865265625 0.42211280156250003 0.6313544265625 0.4259176359375 0.6285104875 0.4344225609375 0.6299324562499999 0.438451209375 0.6389975109375 0.44494180781250003 0.6437966578125 0.44471799531249995 0.652506221875 0.4404655328125 0.660327053125 0.4404655328125 0.6685033765624999 0.43598925624999996 0.6743690015625 0.4259176359375
10 0.6921436187500001 0.592882721875 0.696054034375 0.5893017015625001 0.6974760046874999 0.585273053125 0.6967650203125 0.5664726953125 0.6981869890625 0.5534914953125 0.703341628125 0.5550581921875 0.7052968359375 0.5593106531250001 0.714361890625 0.5689346468750001 0.7214717390625001 0.5698299015625 0.7269818703125 0.5637869296875 0.728048346875 0.5552820046875 0.733736225 0.5503581015625 0.7348027015625 0.54453894375 0.7390686093750001 0.5382721578125 0.7401350875 0.5333482546874999 0.739424103125 0.5230528203125 0.733558478125 0.5143240828125 0.72182723125 0.5094001796875001 0.717028084375 0.503804834375 0.7108069671874999 0.491942703125 0.7044081046875 0.48970456562500003 0.700142196875 0.4856759171875 0.6983647359375 0.4856759171875 0.6935655890625 0.493957028125 0.6932100953125 0.503804834375 0.6967650203125 0.5087287375 0.6967650203125 0.5136526406249999 0.6994312125000001 0.5152193375 0.7049413437500001 0.5239480750000001 0.7045858515625001 0.544986571875 0.7022751515625 0.5514771703125 0.7006754359375 0.5490152187499999 0.7006754359375 0.5252909578125 0.6921436187500001 0.51857654375 0.6900106640625 0.51410026875 0.6896551718749999 0.5042524625 0.6876999640625 0.5022381375 0.6805901171875 0.5035810203125 0.6765019546875 0.5087287375 0.6761464625 0.5136526406249999 0.68112335625 0.5284243515625 0.6804123718749999 0.53379588125 0.67881265625 0.5358102062500001 0.6717028078125 0.5268576546875 0.6628155 0.527752909375 0.654639175 0.5326768125 0.6494845359375 0.5436436890625 0.65090650625 0.5611011640625 0.6549946671875 0.5671441359375 0.6592605765624999 0.5675917640625 0.6628155 0.5653536265625 0.6647707078125 0.5682632046875 0.6629932453125 0.5870635625 0.6690366156249999 0.6045210390625 0.670458584375 0.6175022375 0.674546746875 0.6230975828124999 0.67934589375 0.62287376875 0.6908993953125 0.6132497765625 0.694632065625 0.6036257828125 0.6942765734375 0.5969113703125 0.6921436187500001 0.592882721875
1 0.175613225 0.7164279312499999 0.1685033765625 0.709265890625 0.164948453125 0.6980752015625 0.1599715609375 0.6913607875000001 0.15748311406249998 0.6837511187499999 0.15250622187500001 0.68151298125 0.152150728125 0.671665175 0.145751865625 0.66405550625 0.142552434375 0.6573410921875 0.1249555640625 0.6365264093749999 0.11500177812500001 0.62712623125 0.10611446875 0.622202328125 0.08229648125 0.6034019703125 0.07536437968750001 0.5937779765625 0.0618556703125 0.5651298125 0.0353714890625 0.5317815578125 0.0213295421875 0.5176812890625 0.0197298265625 0.5116383171875001 0.016708140625 0.5114145031249999 0.015819409375 0.502685765625 0.015641664062499998 0.5114145031249999 0.0188410953125 0.5284243515625 0.0170636328125 0.5758728734375 0.0195520796875 0.6089973140625 0.022040526562500003 0.6170546109374999 0.02559545 0.6224261421875 0.028083896874999997 0.6371978515625 0.0447920375 0.6730080578125001 0.0476359765625 0.6864368843750001 0.0698542484375 0.7139659796875 0.0929612515625 0.7305282 0.10327052968749999 0.735452103125 0.1286882328125 0.7365711734375 0.14912904375 0.7350044765625 0.1647707078125 0.7291853171875 0.17507998593750002 0.7215756484375 0.175613225 0.7164279312499999
1 0.1589050828125 0.62287376875 0.15606114531249998 0.60317815625 0.1393530046875 0.5637869296875 0.1357980796875 0.5481199640625001 0.1286882328125 0.5382721578125 0.12762175625 0.5284243515625 0.11908993906250001 0.5096239921875 0.11731247812500001 0.4997761859375 0.11446853906250001 0.463070725 0.11873444687500001 0.3802596234375 0.1180234625 0.36638316875 0.1142907921875 0.36257833437500003 0.0986491296875 0.3670546109375 0.09047280468749999 0.3661593546875 0.0863846421875 0.3726499546875 0.066121578125 0.4393464640625 0.06007820781249999 0.48142345625000005 0.054745823437499994 0.5029095796874999 0.056523284375 0.5176812890625 0.054745823437499994 0.5275290953125 0.054745823437499994 0.54677708125 0.0568787765625 0.5539391218749999 0.064699609375 0.566920321875 0.075719871875 0.5933303484375 0.0796302875 0.5991495078125 0.090828296875 0.6096687562499999 0.11642374687499998 0.62712623125 0.12531105625 0.6351835265625 0.150017775 0.665846015625 0.15535015937500002 0.68151298125 0.1610380375 0.6877797671875 0.1610380375 0.6645031328125001 0.1628155 0.6497314234375 0.1610380375 0.6273500453125 0.1589050828125 0.62287376875
1 0.2061855671875 0.8131154875 0.20014219687499998 0.80326768125 0.1990757203125 0.7938675015625 0.19445431875000002 0.788495971875 0.1933878421875 0.780438675 0.1912548875 0.7759623999999999 0.1823675796875 0.7670098484375 0.1717028078125 0.7486571171875 0.1590828296875 0.734109221875 0.1277995015625 0.7376902421875 0.102204053125 0.7363473593750001 0.0954496984375 0.7336615937500001 0.0865623890625 0.726499553125 0.0787415578125 0.7238137874999999 0.07092072499999999 0.7170993734375 0.0664770703125 0.7155326765625001 0.0707429796875 0.7271709937499999 0.07820831875 0.7365711734375 0.0796302875 0.7437332140625 0.083896196875 0.7535810203125 0.0952719515625 0.7692479859375 0.0966939203125 0.7732766343749999 0.1217561328125 0.8039391218749999 0.1334873796875 0.812444046875 0.15979381406249998 0.8267681296875 0.189121934375 0.8292300812500001 0.19534305000000002 0.8290062671875 0.203519375 0.82497761875 0.2061855671875 0.8193822734375 0.2061855671875 0.8131154875
1 0.056523284375 0.70971351875 0.05439033125 0.7021038500000001 0.049057945312500004 0.69449418125 0.043014575 0.6806177265625 0.03519374375 0.6676365265624999 0.024884465624999998 0.6269024171875001 0.0195520796875 0.6161593546875 0.0163526484375 0.571844225 0.0181301109375 0.5324529984375 0.0131532171875 0.5042524625 0.00782083125 0.4876902421875 0.0067543546875 0.473366159375 0.000177746875 0.4529991046875 0 0.6747985671875 0.0149306796875 0.707027753125 0.016708140625 0.7164279312499999 0.023107003125 0.7311996421875 0.02559545 0.7414950765625 0.030394596875000002 0.74888093125 0.035904728125 0.7508952546875001 0.047102737500000005 0.74664279375 0.0536793453125 0.7374664281250001 0.056167792187499996 0.7262757390625 0.056523284375 0.70971351875