3 0 0.5073606734375 0.0351666671875 0.532071503125 0.0615 0.545741325 0.0661666671875 0.5471433578125 0.0758333328125 0.546442340625 0.0898333328125 0.55134945625 0.10266666718749999 0.5515247109375 0.1255 0.549596915625 0.14116666718749998 0.545741325 0.1688333328125 0.5334735359375 0.17450000000000002 0.5268138796875 0.2011666671875 0.515948125 0.2158333328125 0.5040308453125 0.221 0.49789695 0.2216666671875 0.490536278125 0.225 0.47896950625 0.227 0.4540834203125 0.225 0.435506484375 0.22999999999999998 0.40711531718750005 0.22999999999999998 0.3906414296875 0.22433333281249998 0.367157378125 0.225 0.307570978125 0.22400000000000003 0.3002103046875 0.22233333281249998 0.29705573125 0.2246666671875 0.293200140625 0.22400000000000003 0.288994040625 0.2048333328125 0.2786540484375 0.1921666671875 0.27444795 0.17350000000000002 0.26253066875000003 0.1535 0.2558710125 0.1408333328125 0.2534174546875 0.1325 0.2495618640625 0.1221666671875 0.2478093234375 0.0908333328125 0.2576235546875 0.056833332812500005 0.2565720296875 0.0481666671875 0.2576235546875 0.0398333328125 0.2604276203125 0.0353333328125 0.26410795625 0.03 0.27357167968749996 0.0183333328125 0.3079214859375 0.0151666671875 0.31160182187499996 0.0101666671875 0.3133543640625 0.0056666671875 0.31773571718750004 0.0033333328125 0.321941815625 0.0026666671875 0.327549946875 0 0.3289519796875 0 0.5073606734375
9 0.3163333328125 0.2311601828125 0.3156666671875 0.22695408281249999 0.3195 0.22257272968750003 0.3375 0.214511040625 0.3568333328125 0.20189274375 0.3608333328125 0.2015422359375 0.365 0.1905012265625 0.365 0.1855941109375 0.35983333281249996 0.1854188578125 0.3563333328125 0.1926042765625 0.34950000000000003 0.1983876625 0.34049999999999997 0.20084122031249999 0.32483333281250004 0.20189274375 0.3178333328125 0.20119172812500002 0.3105 0.1983876625 0.30016666718749996 0.1854188578125 0.2925 0.180161234375 0.2828333328125 0.1777076765625 0.26516666718750004 0.177006659375 0.2575 0.178058184375 0.24383333281250003 0.1829653 0.22883333281249998 0.1938310546875 0.2206666671875 0.20452155625000001 0.21600000000000003 0.2146862953125 0.2153333328125 0.23326323124999998 0.2173333328125 0.2423764453125 0.23583333281250002 0.2642832109375 0.2505 0.2709428671875 0.274 0.27357167968749996 0.28650000000000003 0.2719943921875 0.2943333328125 0.2648089734375 0.30733333281249997 0.24167542968750003 0.3163333328125 0.2311601828125
14 0.522 0.1982124078125 0.5243333328124999 0.1782334390625 0.5246666671875 0.155450403125 0.5213333328124999 0.1470382046875 0.5091666671875 0.1335436375 0.4995 0.1303890640625 0.48250000000000004 0.1205748328125 0.4671666671875 0.1167192421875 0.4601666671875 0.11636873437499999 0.4418333328125 0.11987381718750001 0.41216666718750006 0.1324921140625 0.4096666671875 0.13582194218750002 0.4113333328125 0.14493515625 0.4046666671875 0.161058534375 0.4033333328125 0.17157378125 0.4046666671875 0.1859446203125 0.41166666718749995 0.20241850625 0.4158333328125 0.20469681093749997 0.41950000000000004 0.20469681093749997 0.42833333281249997 0.2192429015625 0.44016666718749997 0.22923238750000002 0.4655 0.23589204375 0.4831666671875 0.23484051875 0.49083333281249997 0.2432527171875 0.49866666718749997 0.244830003125 0.5026666671875 0.2430774625 0.5063333328125 0.22379950937499998 0.5173333328124999 0.210480196875 0.522 0.1982124078125
14 0.3918333328125 0.32001402031250004 0.3983333328125 0.31388012656250003 0.4023333328125 0.30581843750000004 0.4056666671875 0.28934455 0.40533333281250006 0.284437434375 0.395 0.2542937265625 0.38733333281250004 0.24447949531250002 0.3795 0.237644584375 0.3718333328125 0.23378899375 0.35783333281249996 0.23028391093749997 0.3375 0.23028391093749997 0.3218333328125 0.23203645312500001 0.31283333281250003 0.2372940765625 0.301 0.2539432171875 0.2923333328125 0.27637574531250003 0.29133333281249996 0.28478794218750003 0.2926666671875 0.294251665625 0.298 0.3100245359375 0.3091666671875 0.32737469375 0.3215 0.337889940625 0.3341666671875 0.344549596875 0.3496666671875 0.3482299328125 0.3631666671875 0.343498071875 0.3725 0.33263231718749997 0.3808333328125 0.32527164375 0.3918333328125 0.32001402031250004
14 0.4875 0.3123028390625 0.49400000000000005 0.300911321875 0.5021666671875 0.2968804765625 0.504 0.2946021734375 0.5033333328125 0.288994040625 0.497 0.28513845 0.49733333281250003 0.2721696453125 0.49400000000000005 0.26340694062500003 0.48283333281249996 0.2478093234375 0.47016666718750005 0.23869610937500002 0.43949999999999995 0.23028391093749997 0.4228333328125 0.2355415359375 0.4193333328125 0.2385208546875 0.40933333281250006 0.2528916921875 0.4046666671875 0.2627059234375 0.404 0.2774272703125 0.4086666671875 0.29740623906249997 0.41333333281250006 0.3051174203125 0.4205 0.3123028390625 0.43116666718749996 0.3179109703125 0.44349999999999995 0.3221170703125 0.46699999999999997 0.3226428328125 0.4711666671875 0.3210655453125 0.4768333328125 0.3144058890625 0.4831666671875 0.3144058890625 0.4875 0.3123028390625
6 0.39449999999999996 0.709428671875 0.4011666671875 0.7055730812500001 0.4096666671875 0.6938310546875 0.41333333281250006 0.6850683484375 0.41333333281250006 0.6812127578125 0.4106666671875 0.679109709375 0.4103333328125 0.67630564375 0.41500000000000004 0.6664914125 0.41966666718749995 0.6486154921875 0.42000000000000004 0.63109008125 0.4166666671875 0.6139151765624999 0.41233333281249995 0.6051524703125 0.4011666671875 0.5927094281249999 0.3928333328125 0.5856992640625001 0.3808333328125 0.578338590625 0.3525 0.56887486875 0.3355 0.5681738515625 0.3221666671875 0.5702769015625 0.31716666718750003 0.5730809671875 0.3145 0.5779880828125 0.3065 0.5797406234375 0.3018333328125 0.5828951984375 0.296 0.5893796 0.29133333281249996 0.5984928140625 0.2883333328125 0.61146161875 0.288 0.6191728000000001 0.28900000000000003 0.6286365234375 0.2946666671875 0.6524710828125 0.3046666671875 0.6745531015624999 0.3116666671875 0.6861198734375 0.31883333281250004 0.694707325 0.3281666671875 0.700665965625 0.3408333328125 0.7059235890625 0.3448333328125 0.706274096875 0.35383333281249996 0.7101296875 0.3616666671875 0.711005959375 0.3691666671875 0.7104801968750001 0.3805 0.70662460625 0.38849999999999996 0.7101296875 0.39449999999999996 0.709428671875
13 0.745 0.6475639671875 0.7526666671875 0.627234490625 0.7546666671875 0.6156677187499999 0.755 0.5935857 0.7526666671875 0.58166841875 0.7431666671875 0.5664213109375 0.7238333328125 0.5597616546874999 0.7055 0.548545390625 0.6935 0.549596915625 0.6825 0.5527514890624999 0.6708333328125 0.5615141953125 0.6599999999999999 0.5736067296875 0.651 0.588678584375 0.647 0.59814230625 0.6456666671875 0.6111111109375 0.651 0.6335436375 0.6559999999999999 0.64335786875 0.6648333328125 0.6536978625 0.6711666671875001 0.6589554859375 0.6831666671875001 0.6656151421875001 0.6941666671875 0.6680687 0.7076666671875 0.668243953125 0.7161666671875 0.667017175 0.7258333328125001 0.6628110765625 0.7375 0.6547493859375 0.745 0.6475639671875
13 0.5473333328125001 0.6395022781249999 0.542 0.59919383125 0.5381666671875001 0.5916579046875 0.5225 0.581493165625 0.5118333328125 0.579390115625 0.49183333281249997 0.5804416406249999 0.4765 0.5878023140625 0.4723333328125 0.592183665625 0.46733333281249995 0.600946371875 0.4643333328125 0.61251314375 0.4653333328125 0.6398527859375001 0.47066666718750005 0.650017525 0.48383333281249996 0.664213109375 0.49583333281249997 0.6684192078125 0.511 0.6689449703125 0.5295 0.66596565 0.5436666671875 0.650368034375 0.5469999999999999 0.64440939375 0.5473333328125001 0.6395022781249999
13 0.6976666671875 0.7418506828125 0.6990000000000001 0.73273746875 0.696 0.701191728125 0.6896666671875 0.6871713984375 0.6805 0.679635471875 0.6751666671875001 0.67683140625 0.6655 0.6743778484375 0.6471666671875 0.675429371875 0.6321666671874999 0.6845425875 0.6273333328125 0.6896249562500001 0.6206666671875001 0.7004907109375 0.6186666671875 0.711706975 0.6196666671875 0.7274798453125 0.6263333328125 0.74465475 0.6368333328125 0.7574483 0.6478333328125 0.763406940625 0.6673333328125 0.7649842265625 0.6785 0.7620049078125 0.6848333328125 0.7581493171875 0.6906666671874999 0.7527164390625 0.6976666671875 0.7418506828125
5 0.46399999999999997 0.523834559375 0.4623333328125 0.5178759203125 0.45583333281250005 0.5096389765625 0.45149999999999996 0.5078864359375 0.4445 0.501226778125 0.43883333281250003 0.49842271250000003 0.4278333328125 0.4893094984375 0.4165 0.48300035 0.4061666671875 0.47283561093750004 0.38416666718750003 0.4549596921875 0.3635 0.45320715 0.3566666671875 0.45758850312500005 0.3536666671875 0.469155275 0.3536666671875 0.4744128984375 0.3588333328125 0.48229933437500005 0.3645 0.4847528921875 0.3688333328125 0.48895899062500003 0.3765 0.49211356406249995 0.3948333328125 0.5085874515625 0.3991666671875 0.511041009375 0.4136666671875 0.5255871015625 0.4238333328125 0.53803014375 0.43583333281250003 0.5481948828125 0.43883333281250003 0.549596915625 0.44733333281250004 0.5501226781249999 0.45416666718750004 0.547493865625 0.46266666718750005 0.5371538734375 0.46399999999999997 0.5332982828125 0.46399999999999997 0.523834559375
7 0.6523333328125 0.5445145453125 0.654 0.5371538734375 0.6543333328125 0.523834559375 0.658 0.5154223625000001 0.6626666671875 0.49684542656249997 0.6653333328125 0.49193831093749996 0.6813333328125 0.44216614062500004 0.6893333328125 0.3916929546875 0.6906666671874999 0.37101296875 0.6936666671875 0.36295127968749996 0.6966666671875 0.345075359375 0.6980000000000001 0.23221170624999998 0.6963333328125 0.21889239374999997 0.692 0.20592358906250002 0.6816666671875 0.19015071875 0.6685 0.1787592015625 0.6565000000000001 0.17525411875000002 0.6475 0.1756046265625 0.6381666671875 0.1787592015625 0.6206666671875001 0.195057834375 0.6093333328125 0.2125832453125 0.6056666671875 0.22204696875000002 0.6013333328125 0.24167542968750003 0.5993333328125 0.2697160890625 0.6013333328125 0.4404136 0.5996666671875001 0.46635120937499996 0.5906666671874999 0.519277953125 0.5906666671874999 0.5273396421875 0.5943333328125 0.5480196281249999 0.6026666671875 0.5651945328125 0.6108333328125 0.5702769015625 0.6226666671875 0.571153171875 0.6348333328125 0.5685243609375 0.6411666671875 0.5643182609374999 0.646 0.558534875 0.6523333328125 0.5445145453125
7 0.5763333328125 0.3878373640625 0.5796666671875 0.3829302484375 0.5816666671874999 0.3745180515625 0.5846666671875 0.3713634765625 0.585 0.3668068703125 0.5886666671875 0.3611987375 0.5900000000000001 0.354889590625 0.5900000000000001 0.3380651953125 0.591 0.3293024890625 0.5926666671875 0.32684893125 0.591 0.3047669125 0.5963333328125 0.28513845 0.6033333328125 0.19400630937500002 0.6076666671875001 0.18384157031249998 0.611 0.1701717484375 0.612 0.1512443046875 0.6103333328125 0.14002804062500002 0.6026666671875 0.12390466250000001 0.5934999999999999 0.1149667015625 0.5855 0.11146161875 0.5758333328125 0.11146161875 0.5648333328125 0.11566771875 0.557 0.1242551703125 0.553 0.13161584375 0.5513333328125001 0.14598668125 0.5559999999999999 0.1628110765625 0.5563333328125 0.1740273390625 0.5536666671875 0.1810375046875 0.5523333328125 0.1898002109375 0.5446666671875 0.2076761296875 0.5346666671875 0.22064493437500002 0.5256666671875 0.237118821875 0.5136666671875 0.2644584640625 0.5063333328125 0.290396075 0.49833333281250003 0.3335085875 0.4966666671875 0.38187872343749996 0.4993333328125 0.4004556609375 0.5026666671875 0.411671925 0.5143333328125 0.42814581093750004 0.5261666671875 0.43708377187499997 0.5331666671875 0.43953732968750003 0.542 0.4397125828125 0.5565 0.4335786890625 0.562 0.4246407296875 0.5726666671875 0.4004556609375 0.5763333328125 0.3878373640625
1 0.783 0.3300035046875 0.7866666671875 0.320189275 0.792 0.31247809375 0.7993333328125 0.2956536984375 0.8019999999999999 0.2718191375 0.8 0.253592709375 0.8029999999999999 0.21188222968749998 0.8006666671874999 0.1859446203125 0.8019999999999999 0.1526463375 0.7993333328125 0.13547143281250001 0.7956666671875 0.1228531375 0.7856666671875 0.10182264218749999 0.7836666671875 0.094812478125 0.7763333328125 0.0825446890625 0.7783333328125 0.043988784375 0.7846666671875 0.0180511734375 0.786 0.006834910937499999 0.7848333328125 0 0.7803333328125001 0.0148966 0.778 0.028566421874999998 0.7763333328125 0.0313704875 0.7716666671875 0.061163687499999994 0.7653333328125 0.074483 0.764 0.08429723125000001 0.759 0.0955134953125 0.7453333328125 0.1403785484375 0.745 0.1526463375 0.7426666671875 0.1635120921875 0.743 0.168769715625 0.746 0.1733263234375 0.7446666671875 0.1813880125 0.7383333328125 0.19400630937500002 0.736 0.20452155625000001 0.731 0.2101296875 0.7263333328125 0.21854188593749999 0.7246666671875001 0.225902559375 0.7213333328125 0.229407640625 0.7193333328125 0.23536628125 0.7136666671875 0.24447949531250002 0.7030000000000001 0.2732211703125 0.6990000000000001 0.29670522187500004 0.701 0.3089730109375 0.6980000000000001 0.32544689843749997 0.6990000000000001 0.3436733265625 0.6936666671875 0.37101296875 0.6981666671875 0.3746933046875 0.7026666671874999 0.37486855937499997 0.7255 0.37048720625 0.7491666671874999 0.3554153515625 0.7605000000000001 0.3508587453125 0.783 0.3300035046875
1 0.8846666671875001 0.4400630921875 0.8823333328125 0.4390115671875 0.882 0.43305292656249994 0.8803333328124999 0.4291973359375 0.8806666671875 0.42358920468749994 0.8786666671875001 0.41307395781249995 0.8786666671875001 0.3888888890625 0.8903333328124999 0.3215913078125 0.8953333328124999 0.3016123375 0.9019999999999999 0.24412898749999998 0.909 0.22064493437500002 0.9106666671875001 0.21083070468749998 0.914 0.20241850625 0.916 0.18208902968750001 0.9156666671875 0.15054328749999998 0.914 0.13582194218750002 0.9081666671875 0.126182965625 0.8998333328125 0.1226778828125 0.8908333328125 0.1233789 0.8841666671875 0.12653347343750002 0.8681666671875 0.138450753125 0.8628333328125001 0.14475990156250002 0.8551666671874999 0.1475639671875 0.851 0.1526463375 0.8496666671875 0.161058534375 0.841 0.170872765625 0.8313333328124999 0.18909919375 0.8296666671875 0.19996494843749998 0.8246666671874999 0.206274096875 0.8236666671874999 0.21433578749999999 0.8206666671875 0.22204696875000002 0.8206666671875 0.2311601828125 0.8153333328124999 0.2588503328125 0.8150000000000001 0.267963546875 0.807 0.29495268124999996 0.8073333328125001 0.314230634375 0.8119999999999999 0.344023834375 0.8240000000000001 0.3829302484375 0.8243333328125001 0.40921836718750004 0.8256666671874999 0.41657903906250004 0.8310000000000001 0.4249912375 0.8393333328124999 0.44812478125000005 0.8566666671875 0.4621451109375 0.8663333328125 0.47896950625 0.8699999999999999 0.48738170312499995 0.8699999999999999 0.4908867859375 0.8743333328125 0.495092884375 0.8761666671875 0.4991237296875 0.8786666671875001 0.4996494921875 0.8826666671875 0.49158780156250004 0.8876666671875 0.46705222500000004 0.8866666671875001 0.4435681734375 0.8846666671875001 0.4400630921875
1 0.8916666671875 0.808096740625 0.8981666671875 0.798808271875 0.9025000000000001 0.7963547140625 0.9086666671874999 0.7898703125 0.9163333328125001 0.779355065625 0.9206666671875 0.768489309375 0.932 0.750963896875 0.9333333328125001 0.74465475 0.9413333328125001 0.7302839109375 0.9463333328125 0.713459515625 0.9466666671875 0.7053978265625 0.9506666671874999 0.6969856296875 0.95 0.6728005609375 0.9553333328125 0.62127585 0.9543333328125 0.6023484046875 0.9560000000000001 0.5869260421875 0.953 0.53750438125 0.953 0.5189274453125 0.9543333328125 0.5112162640625 0.9506666671874999 0.46810375000000004 0.9523333328125 0.433403434375 0.9488333328125 0.425517 0.9381666671875 0.4209603921875 0.9295 0.419558359375 0.9228333328125 0.42271293437499996 0.9039999999999999 0.44181563281249997 0.8986666671875 0.449877321875 0.893 0.4621451109375 0.8859999999999999 0.4845776375 0.8793333328124999 0.532597265625 0.8743333328125 0.5476691203125 0.8756666671875 0.5571328421875 0.8710000000000001 0.58377146875 0.8686666671875001 0.5900806171874999 0.865 0.6188222921875 0.858 0.6419558359375 0.8556666671875 0.6640378546875 0.8483333328124999 0.687872415625 0.8433333328125 0.7218717140625001 0.837 0.738696109375 0.8306666671875 0.777252015625 0.8310000000000001 0.7832106546875 0.836 0.7919733609375 0.8376666671875 0.798282509375 0.836 0.8207150375 0.837 0.827024184375 0.8401666671875001 0.8300035046875 0.8513333328125 0.830178759375 0.8618333328125001 0.8293024890625 0.8748333328125 0.8243953734374999 0.8811666671875 0.8170347 0.8916666671875 0.808096740625
1 0.6851666671875 0.8254468984375001 0.6915 0.822993340625 0.6981666671875 0.8170347 0.7224999999999999 0.801962846875 0.7318333328125 0.7935506484375 0.7468333328125001 0.788293025 0.7526666671875 0.7758499828125001 0.7576666671875001 0.7712933750000001 0.7623333328124999 0.763932703125 0.77 0.7569225375 0.7726666671875 0.752015421875 0.7828333328125 0.7441289875 0.7881666671875001 0.7381703468749999 0.8005000000000001 0.730459165625 0.842 0.6805117421875 0.8486666671875 0.6643883625 0.8513333328125 0.6517700671875 0.8536666671875001 0.6479144765625 0.8603333328125 0.6254819484375 0.8716666671875 0.562390465625 0.867 0.5073606734375 0.8623333328125 0.48247458749999994 0.857 0.469155275 0.8513333328125 0.46039256875 0.8474999999999999 0.45706274062499996 0.8394999999999999 0.45601121562499997 0.8355 0.45846477343750003 0.8236666671874999 0.47686645624999996 0.8173333328125001 0.48282509687499997 0.8153333328124999 0.4866806875 0.8119999999999999 0.5091132140625 0.8056666671875 0.52769015 0.7946666671875 0.543463021875 0.7843333328125001 0.5532772515625 0.7796666671875 0.5609884328125 0.7763333328125 0.56940063125 0.776 0.5967402734375 0.7713333328124999 0.6065545046875 0.7696666671875 0.6188222921875 0.7643333328125 0.6395022781249999 0.75 0.6643883625 0.7413333328125 0.6910269890625 0.7293333328125 0.7036452859375 0.726 0.7096039249999999 0.7183333328125 0.7180161234375 0.7136666671875 0.7201191734375 0.7076666671875 0.729933403125 0.7033333328125 0.7344900109375 0.6976666671875 0.7457062734375 0.6813333328125 0.7660357515625 0.67 0.7832106546875 0.6599999999999999 0.7919733609375 0.6553333328125001 0.8045916578125001 0.651 0.8063441984375 0.648 0.813704871875 0.6406666671875 0.8224675781249999 0.639 0.829127234375 0.6396666671875 0.8392919734375001 0.6415 0.8415702765624999 0.648 0.8449001046875001 0.6598333328125 0.8405187515625 0.6738333328125 0.8314055375 0.6808333328125 0.8293024890625 0.6851666671875 0.8254468984375001
2 0.8826666671875 0.94865054375 0.8836666671875 0.9444444437499999 0.8896666671875 0.9388363125 0.8916666671875 0.93217665625 0.8983333328124999 0.9241149671875 0.9131666671875 0.9099193828125 0.9335000000000001 0.8951980374999999 0.9576666671874999 0.8722397468749999 0.9606666671875 0.8680336484375 0.969 0.8487556953125001 0.969 0.8413950234375 0.9648333328125 0.8356116374999999 0.9608333328124999 0.8328075703125 0.9535 0.8310550296875 0.9291666671875 0.8331580796875 0.8988333328125 0.8485804421875001 0.8908333328125 0.8541885734375001 0.8783333328125 0.8662811078124999 0.875 0.87048720625 0.8623333328125 0.895373290625 0.8536666671875001 0.9192078515625 0.8526666671875001 0.9335786890625 0.8536666671875001 0.941640378125 0.861 0.94865054375 0.8595 0.953031896875 0.8676666671875 0.9553102000000001 0.8781666671874999 0.9523308796875 0.8828333328125 0.9544339296875 0.8843333328125 0.9528566421875 0.8826666671875 0.94865054375
5 0.2026666671875 0.6696459859375 0.1903333328125 0.647213459375 0.1863333328125 0.6345951624999999 0.1803333328125 0.6251314406249999 0.1728333328125 0.6193480546875 0.1648333328125 0.6207500875 0.1611666671875 0.616894496875 0.1553333328125 0.623028390625 0.1506666671875 0.6345951624999999 0.151 0.642656853125 0.1556666671875 0.6594812484375 0.1716666671875 0.6952330875 0.1788333328125 0.701717490625 0.1893333328125 0.7029442687499999 0.1935 0.7013669828125 0.2033333328125 0.6927795296875 0.20566666718749999 0.6805117421875 0.2026666671875 0.6696459859375
0 0.3498333328125 0.76726253125 0.30416666718749996 0.7395723796875 0.2748333328125 0.7280056078125 0.2535 0.723799509375 0.22349999999999998 0.722747984375 0.2158333328125 0.7241500171874999 0.20750000000000002 0.7234490015625 0.20400000000000001 0.7246757796875001 0.20416666718749998 0.7269540828125 0.2078333328125 0.728356115625 0.23116666718749998 0.7346652640625 0.2468333328125 0.741324921875 0.2621666671875 0.7427269546875 0.28450000000000003 0.751489659375 0.3295 0.7802313359374999 0.3408333328125 0.7903960750000001 0.3608333328125 0.8047669125000001 0.36783333281249997 0.8131791093749999 0.3795 0.8215913078125 0.3908333328125 0.8282509640625 0.3966666671875 0.82842621875 0.398 0.8242201187499999 0.395 0.8105502984375 0.3825 0.79390115625 0.3498333328125 0.76726253125
10 0.5881666671875 0.879775675 0.5938333328125001 0.880476690625 0.6041666671875 0.8871363484374999 0.6085 0.8878373640625 0.6161666671875 0.88748685625 0.6228333328125 0.8846827906250001 0.63 0.8778478796875 0.6316666671875 0.8739922890624999 0.6293333328124999 0.8631265328125 0.629 0.8536628109375 0.6273333328125 0.8505082375 0.6238333328125 0.847879425 0.6201666671875 0.8482299328125 0.6161666671875 0.8513845078125 0.6136666671875 0.8498072203125 0.618 0.8361373999999999 0.617 0.8277252015625001 0.6121666671875 0.8250963890625 0.6011666671875 0.8254468984375001 0.5973333328125 0.828075709375 0.5925 0.8380651953125 0.5788333328124999 0.8380651953125 0.5688333328125 0.8436733265624999 0.5575 0.8464773921875001 0.5505 0.8513845078125 0.5375 0.8552400984374999 0.5283333328125 0.8746933046875001 0.5276666671875 0.879950928125 0.5305 0.8871363484374999 0.5393333328125001 0.88801261875 0.5451666671875001 0.8867858390625001 0.5721666671875 0.8871363484374999 0.5811666671875 0.8839817734375 0.5881666671875 0.879775675
4 0.4823333328125 0.4148264984375 0.487 0.41657903906250004 0.48733333281249996 0.41272344843750003 0.493 0.400105153125 0.4926666671875 0.395899053125 0.49400000000000005 0.3920434625 0.4926666671875 0.379775675 0.4933333328125 0.3668068703125 0.49133333281249997 0.354889590625 0.48216666718749995 0.3463021375 0.47483333281249995 0.34174553125 0.45583333281250005 0.3403434984375 0.4498333328125 0.3382404484375 0.4405 0.3375394328125 0.4291666671875 0.328075709375 0.42483333281249996 0.32632316875 0.41550000000000004 0.3259726609375 0.4078333328125 0.32842621875 0.4038333328125 0.3256221515625 0.3911666671875 0.3238696109375 0.3848333328125 0.32527164375 0.37716666718749997 0.3298282515625 0.364 0.3464773921875 0.354 0.37521906718750003 0.352 0.3920434625 0.356 0.40816684218750005 0.3611666671875 0.4164037859375 0.3705 0.420609884375 0.37516666718749997 0.425517 0.3808333328125 0.42832106562499994 0.38849999999999996 0.42902208125 0.39216666718750004 0.4251664921875 0.3981666671875 0.4325271640625 0.40316666718749994 0.4363827546875 0.4178333328125 0.4409393625 0.4245 0.44444444375 0.4385 0.44794952656250003 0.4476666671875 0.44812478125000005 0.4568333328125 0.4461969859375 0.46449999999999997 0.44164037812499995 0.477 0.429898353125 0.4823333328125 0.4148264984375
5 0.40833333281249995 0.533648790625 0.3916666671875 0.5063091484375 0.3765 0.49211356406249995 0.3655 0.48895899062500003 0.3551666671875 0.4903610234375 0.3466666671875 0.5007010171874999 0.346 0.5073606734375 0.3503333328125 0.519277953125 0.3755 0.539782684375 0.40099999999999997 0.56940063125 0.4103333328125 0.577812828125 0.41216666718750006 0.5818436734375 0.41916666718749995 0.5853487562499999 0.4335 0.5983175609375 0.43600000000000005 0.5984928140625 0.43899999999999995 0.5939362078125 0.43933333281250003 0.5858745187500001 0.43333333281249997 0.56940063125 0.40833333281249995 0.533648790625
5 0.8186666671875 0.407816334375 0.82 0.4011566765625 0.819 0.3860848234375 0.8166666671874999 0.376971609375 0.8140000000000001 0.372765509375 0.7981666671875 0.3564668765625 0.7868333328125 0.351209253125 0.7781666671874999 0.3498072203125 0.7648333328125 0.350157728125 0.7541666671875 0.354363828125 0.7478333328125 0.358920434375 0.739 0.3706624609375 0.7353333328125 0.383631265625 0.7343333328125 0.3973010859375 0.738 0.413424465625 0.7408333328125 0.41570276875 0.7451666671875 0.4164037859375 0.7615000000000001 0.41570276875 0.7645 0.4143007359375 0.7765 0.4153522609375 0.7875 0.42271293437499996 0.8009999999999999 0.4246407296875 0.8058333328125 0.4241149671875 0.8105 0.4209603921875 0.8143333328125 0.41657903906250004 0.8186666671875 0.407816334375
2 0.8939999999999999 0.9567122328125001 0.893 0.9500525765625 0.89 0.944794953125 0.8939999999999999 0.9391868203125 0.8926666671874999 0.9318261484375 0.9101666671875 0.9120224328125 0.9171666671875001 0.9057132843750001 0.9225 0.9036102343750001 0.9368333328125 0.891342446875 0.9606666671875 0.8662811078124999 0.9626666671875 0.8585699265625 0.9666666671874999 0.8536628109375 0.969 0.8473536625 0.969 0.8413950234375 0.9608333328124999 0.8335085875000001 0.9545 0.831756046875 0.9435 0.831756046875 0.9261666671875 0.8342096046874999 0.9151666671875001 0.8405187515625 0.9098333328124999 0.841920784375 0.8948333328125001 0.8513845078125 0.8783333328125 0.8655800906250001 0.8619999999999999 0.8950227828124999 0.8543333328125 0.9150017531250001 0.853 0.9269190328124999 0.8533333328125 0.940588853125 0.8516666671875001 0.944794953125 0.8586666671875 0.9616193484375 0.8628333328125001 0.9663512093750001 0.8775000000000001 0.9702068 0.8845000000000001 0.9744128984374999 0.8926666671874999 0.983350859375 0.897 0.9903610234375 0.898 0.9945671218750001 0.9003333328125 0.9956186468749999 0.9021666671874999 0.9996494921875 0.9033333328125 0.9994742375 0.906 0.997721696875 0.9026666671875001 0.9924640734375 0.8983333328124999 0.9675779875 0.8939999999999999 0.9567122328125001
5 0.3326666671875 0.49298983593749995 0.327 0.478618996875 0.3178333328125 0.4700315453125 0.3035 0.4696810375 0.2545 0.4742376453125 0.23183333281250001 0.47844374375000004 0.227 0.48247458749999994 0.2278333328125 0.4882579734375 0.2385 0.49386610624999994 0.2811666671875 0.5075359265625 0.28650000000000003 0.5078864359375 0.3005 0.513144059375 0.31033333281250003 0.5147213453124999 0.31683333281250003 0.5134945671875 0.3311666671875 0.5075359265625 0.33399999999999996 0.503855590625 0.3326666671875 0.49298983593749995
4 0.7963333328125 0.536803365625 0.8003333328125001 0.52313354375 0.8003333328125001 0.5119172796875 0.7976666671875 0.504907115625 0.7935 0.5008762703125 0.7896666671875 0.4992989828125 0.7981666671875 0.49386610624999994 0.8033333328125 0.48738170312499995 0.805 0.479670521875 0.8043333328125 0.4610935859375 0.8013333328125001 0.45268138750000003 0.7943333328125 0.44321766562500003 0.7855000000000001 0.43427970625 0.7731666671874999 0.4269190328125 0.7535000000000001 0.42271293437499996 0.7175 0.42341395000000004 0.7011666671875 0.4297230984375 0.6885 0.43848580468750004 0.6836666671875 0.4435681734375 0.6793333328125 0.45373291250000003 0.679 0.46039256875 0.6799999999999999 0.4660007015625 0.6853333328125 0.4744128984375 0.6863333328125 0.49123729374999997 0.6845 0.49386610624999994 0.6748333328125 0.49947423750000003 0.662 0.512618296875 0.6576666671875 0.5196284609374999 0.657 0.525937609375 0.6591666671875 0.5310199796874999 0.6628333328125 0.528566421875 0.6668333328125 0.528566421875 0.675 0.52103049375 0.6808333328125 0.5134945671875 0.6865 0.50928846875 0.6878333328124999 0.5096389765625 0.6906666671874999 0.511566771875 0.6906666671874999 0.5157728703125 0.6943333328125 0.52103049375 0.7036666671875 0.5420609890625 0.7095 0.5488958984375001 0.7245 0.5587101296875 0.7375 0.5622152125000001 0.751 0.562390465625 0.7648333328125 0.5608131796875 0.7785 0.5548545390624999 0.7885 0.5471433578125 0.7963333328125 0.536803365625
10 0.2941666671875 0.8703119515625 0.3065 0.8706624609375 0.31416666718749997 0.869260428125 0.32566666718750004 0.8494567125 0.3286666671875 0.84174553125 0.329 0.836838415625 0.3283333328125 0.8333333328125001 0.3261666671875 0.8321065546874999 0.3215 0.8324570625 0.3185 0.8342096046874999 0.3115 0.8324570625 0.31033333281250003 0.82842621875 0.312 0.8217665609375 0.3178333328125 0.8177357171875 0.3215 0.8212407984375 0.3295 0.8240448656250001 0.3335 0.8314055375 0.3373333328125 0.828075709375 0.3376666671875 0.8249211359374999 0.3343333328125 0.8112513140625 0.32799999999999996 0.8021381 0.31016666718749997 0.788994040625 0.30416666718749996 0.781282859375 0.2871666671875 0.7697160890625 0.2818333328125 0.7693655796875001 0.2761666671875 0.7718191375 0.2743333328125 0.7747984578125 0.2743333328125 0.7842621796875 0.2726666671875 0.7895198031249999 0.2708333328125 0.791097090625 0.26316666718750004 0.79284963125 0.2545 0.7984577640625 0.25033333281250003 0.8035401328124999 0.2456666671875 0.8154574125 0.2435 0.8177357171875 0.2391666671875 0.8177357171875 0.23716666718749999 0.81913775 0.23399999999999999 0.8245706281249999 0.2336666671875 0.8382404484375 0.23866666718750001 0.8540133187500001 0.24866666718750002 0.8676831406250001 0.25216666718749997 0.8713634765625 0.256 0.8729407640625 0.2725 0.8597967046875 0.2821666671875 0.8622502624999999 0.2885 0.8654048375000001 0.2941666671875 0.8703119515625
11 0.306 0.9402383453125 0.308 0.9339291968750001 0.314 0.9248159828125001 0.32766666718750004 0.8960743078125001 0.33799999999999997 0.8785488953125 0.3393333328125 0.8484051875 0.3376666671875 0.8392919734375001 0.3358333328125 0.8377146859375 0.3335 0.8370136703125001 0.3293333328125 0.8403434984375 0.3253333328125 0.8505082375 0.314 0.8718892390624999 0.308 0.8883631265625 0.2916666671875 0.919558359375 0.2836666671875 0.9402383453125 0.2803333328125 0.983350859375 0.2776666671875 0.9938661062499999 0.2793333328125 0.9942166140625 0.2826666671875 0.990010515625 0.2863333328125 0.9686295125 0.29 0.96091833125 0.306 0.9402383453125
2 0.8946666671875001 0.9570627406250001 0.8936666671875001 0.9475990187500001 0.8968333328125 0.9484752890625 0.9021666671874999 0.9558359624999999 0.9073333328125001 0.9570627406250001 0.9083333328125001 0.9623203640625 0.9135 0.969155275 0.922 0.9689800203125 0.917 0.9661759546875001 0.914 0.9588152828125001 0.909 0.9539081671874999 0.9063333328125 0.9475990187500001 0.9041666671874999 0.9467227484375 0.8988333328125 0.9397125828125 0.8949999999999999 0.9374342796875 0.893 0.9314756390625 0.9098333328124999 0.912372940625 0.9175000000000001 0.9057132843750001 0.9218333328125 0.9043112515624999 0.9358333328124999 0.892393971875 0.9613333328125 0.8659306000000001 0.9633333328125 0.857868909375 0.9676666671874999 0.8529617953124999 0.9693333328125 0.8438485796874999 0.969 0.8410445140625 0.9608333328124999 0.8331580796875 0.9498333328124999 0.8314055375 0.9268333328124999 0.8338590953124999 0.9158333328125 0.84016824375 0.9101666671875 0.8415702765624999 0.8945000000000001 0.8513845078125 0.8783333328125 0.8655800906250001 0.8616666671875001 0.8946722749999999 0.8550000000000001 0.9114966703125 0.8533333328125 0.9192078515625 0.8533333328125 0.940588853125 0.851 0.9444444437499999 0.858 0.96091833125 0.8621666671874999 0.9660007015625001 0.8761666671875 0.9698562921875 0.8835000000000001 0.9744128984374999 0.8923333328125 0.9844023828124999 0.9026666671875001 1 0.9063333328125 0.9980722046875 0.9029999999999999 0.9903610234375 0.901 0.9766912015625 0.8946666671875001 0.9570627406250001